EXJ-835	0	2	0	9	1
QVW-860	0	7	0	12	2
FBN-766	0	15	0	25	13
BNZ-113	0	16	0	22	18
IML-535	0	20	0	30	7
OZY-881	0	57	1	6	9
TMF-496	0	57	1	3	14
ZDN-336	1	0	1	9	16
VJI-414	1	1	1	10	6
LCQ-759	1	2	1	10	18
RXW-788	1	21	1	30	4
PNF-183	1	22	1	29	20
URN-653	1	22	1	30	4
OZY-881	1	27	1	36	10
YYK-270	1	29	1	37	9
OZY-881	1	38	1	45	14
QCK-861	1	49	1	57	20
CVP-608	1	50	1	57	6
DEG-962	1	50	1	55	4
RHT-688	1	50	2	0	16
DEG-962	1	56	2	4	6
GTA-779	2	5	2	10	5
VML-906	2	14	2	21	8
GJG-967	2	16	2	25	10
QCK-861	2	21	2	29	18
URN-653	2	33	2	41	2
APY-413	2	34	2	43	19
DHV-573	2	41	2	49	19
HMY-896	2	42	2	51	2
VWH-349	2	46	2	55	14
JZF-214	2	51	3	0	9
NQH-555	2	54	3	4	16
ETV-271	2	55	3	0	15
HMY-896	2	55	3	0	16
TIJ-963	3	6	3	11	4
QAG-888	3	7	3	17	20
NGF-113	3	14	3	21	12
ILH-371	3	22	3	31	19
WJY-527	3	24	3	30	1
OHO-220	3	33	3	42	4
CTY-765	3	38	3	45	14
QCK-861	3	41	3	47	9
YMS-482	4	11	4	18	17
VJO-196	4	13	4	22	20
PAE-728	4	14	4	23	19
XGP-111	4	18	4	24	13
XDT-661	4	19	4	29	12
ETV-271	4	23	4	30	11
HXH-551	4	23	4	30	15
RZM-584	4	27	4	36	12
QCK-861	4	32	4	38	7
KHN-207	4	38	4	48	19
DWY-428	4	40	4	48	6
APY-413	4	45	4	54	9
BFO-585	4	47	4	53	1
DHV-573	4	50	4	59	16
HXH-551	4	53	4	59	4
YZY-418	5	0	5	5	7
GHM-313	5	2	5	10	6
JNH-298	5	2	5	11	12
MRF-851	5	3	5	13	11
NBU-953	5	14	5	20	17
WYC-692	5	14	5	20	16
DNE-981	5	17	5	24	9
QMX-394	5	27	5	32	9
IKX-196	5	29	5	37	7
SIV-108	5	30	5	40	6
NQH-555	5	36	5	45	14
XDT-661	5	39	5	47	8
RXW-788	5	45	5	50	6
ORM-634	5	53	5	58	3
ORM-634	5	56	6	3	5
VWH-349	5	56	6	4	4
FIH-311	6	3	6	13	4
GOU-584	6	12	6	20	9
NFN-588	6	12	6	19	17
PBT-263	6	14	6	24	20
BWS-780	6	19	6	24	1
SIV-108	6	19	6	29	3
HMY-896	6	22	6	31	20
DHV-573	6	23	6	30	5
HXH-551	6	41	6	49	12
PNF-183	6	50	6	57	18
QMX-394	6	52	7	1	4
BFO-585	6	56	7	2	11
BZH-731	7	0	7	5	18
SVM-823	7	8	7	18	4
YYK-270	7	19	7	28	16
JZF-214	7	23	7	31	1
DBQ-765	7	29	7	35	15
ORM-634	7	30	7	39	19
DBQ-765	7	31	7	37	3
LQT-743	7	54	8	4	12
ISC-701	8	2	8	9	11
TRU-319	8	7	8	16	8
HUJ-968	8	15	8	20	11
ORM-634	8	20	8	29	3
VUC-502	8	38	8	47	6
INU-784	8	42	8	50	12
RHT-688	8	45	8	51	8
URN-653	8	45	8	50	8
ATK-558	8	48	8	55	5
JLE-260	8	52	9	1	7
JLE-260	8	53	9	0	18
NXA-714	9	12	9	21	20
YWU-407	9	13	9	19	13
HLM-121	9	18	9	25	2
NOR-836	9	18	9	24	18
KHN-207	9	24	9	29	5
ODL-981	9	26	9	33	9
WLQ-587	9	27	9	32	17
ULC-887	9	29	9	34	18
VCI-347	9	31	9	36	20
ODL-981	9	37	9	43	18
RZM-584	9	40	9	45	17
TBD-432	9	45	9	54	19
TPX-922	9	50	9	58	19
YYK-270	9	50	9	56	4
DLU-797	9	57	10	7	1
VCI-347	9	58	10	7	12
BZD-395	10	3	10	11	16
UGS-236	10	8	10	14	7
LHS-536	10	9	10	19	15
SML-327	10	9	10	19	2
JTS-477	10	13	10	18	4
OBD-903	10	15	10	23	3
MRD-534	10	20	10	28	6
RHT-688	10	23	10	30	11
XIB-496	10	23	10	28	1
QTV-353	10	24	10	34	12
QTV-353	10	26	10	35	20
KVY-517	10	27	10	33	15
KVY-517	10	35	10	43	14
PNF-183	10	39	10	47	14
FJF-212	11	0	11	6	17
UIQ-881	11	8	11	15	8
ZYU-444	11	8	11	16	10
DBP-806	11	10	11	19	2
MZP-789	11	11	11	21	10
CTY-765	11	26	11	34	14
VWH-349	11	26	11	35	9
SIA-178	11	30	11	35	16
KHN-207	11	33	11	40	16
WLQ-587	11	33	11	42	18
ULC-887	11	38	11	44	14
YYK-270	11	41	11	46	4
SIA-178	11	45	11	55	4
ODL-981	11	47	11	54	3
IKX-196	11	51	11	56	20
OHO-220	11	51	12	1	11
TCV-332	12	0	12	6	13
FOX-382	12	6	12	15	13
LNK-779	12	6	12	15	2
NZJ-592	12	7	12	16	16
YVA-142	12	18	12	26	20
ATK-558	12	30	12	36	14
RHT-688	12	31	12	41	1
INU-784	12	32	12	41	14
ETV-271	12	34	12	41	3
SIV-108	12	41	12	49	7
LBR-208	12	42	12	47	18
APY-413	12	53	13	3	4
IML-535	12	53	13	0	11
MOQ-213	13	1	13	7	13
VXT-434	13	2	13	11	20
VSI-815	13	3	13	12	7
HYX-765	13	4	13	13	18
ZEP-547	13	11	13	18	6
LFW-234	13	12	13	20	9
AGT-481	13	16	13	25	20
EUT-306	13	18	13	26	3
XYV-498	13	18	13	24	13
APY-413	13	27	13	33	5
OFO-431	13	33	13	43	15
PNF-183	13	33	13	38	3
IKX-196	13	36	13	46	9
BFO-585	13	37	13	43	2
SIA-178	13	40	13	45	11
OHO-220	13	42	13	52	1
RZM-584	13	47	13	55	6
VAW-290	14	10	14	18	9
RXW-788	14	31	14	41	5
TMF-496	14	33	14	43	17
DEG-962	14	40	14	45	15
ETV-271	14	41	14	50	14
IML-535	14	41	14	51	14
LQT-743	14	44	14	54	8
LBR-208	14	47	14	57	8
RXW-788	14	51	14	59	8
IKX-196	14	57	15	7	17
HIH-555	15	0	15	9	8
RDC-116	15	2	15	7	3
KRQ-503	15	11	15	16	10
CNI-792	15	13	15	20	12
VUC-502	15	19	15	25	3
VUC-502	15	19	15	28	19
TPX-922	15	21	15	29	18
INU-784	15	24	15	30	9
TMF-496	15	25	15	34	5
TMF-496	15	26	15	32	10
DWY-428	15	33	15	39	9
JLE-260	15	34	15	42	16
QMX-394	15	47	15	53	14
NQH-555	15	50	15	55	7
QMN-652	16	5	16	14	15
DAU-253	16	7	16	16	20
VZU-984	16	7	16	12	14
NEU-634	16	8	16	16	11
JXO-445	16	17	16	25	20
VTE-679	16	19	16	24	15
CVP-608	16	30	16	38	9
LQT-743	16	34	16	44	12
TPX-922	16	39	16	48	3
CVP-608	16	40	16	47	17
JZF-214	16	47	16	52	13
CTY-765	16	49	16	55	8
OZY-881	16	51	16	56	7
TBD-432	16	54	17	3	5
WLQ-587	16	54	17	1	19
IEI-891	17	0	17	6	17
TXZ-746	17	3	17	10	19
WFR-495	17	3	17	8	10
FLS-993	17	5	17	13	5
DHV-573	17	30	17	40	18
TPX-922	17	34	17	39	9
ADQ-781	18	18	18	25	18
TBD-432	18	25	18	33	13
HXH-551	18	35	18	40	11
XDT-661	18	49	18	57	10
URN-653	18	53	18	59	20
SIA-178	18	59	19	4	19
IIH-217	19	4	19	9	16
BJT-274	19	5	19	13	9
LBR-208	19	21	19	29	20
YCL-255	19	23	19	28	7
DEG-962	19	25	19	34	8
XDT-661	19	29	19	38	5
NQH-555	19	30	19	35	17
ILH-371	19	33	19	42	17
VCI-347	19	36	19	46	9
WJY-527	19	42	19	51	13
ULC-887	19	44	19	54	4
DBQ-765	19	51	19	56	14
SIV-108	19	51	19	59	10
QTV-353	19	58	20	4	2
DBQ-765	19	59	20	9	8
JBC-134	20	1	20	8	1
LBQ-730	20	4	20	10	18
KKW-818	20	6	20	15	8
TBB-131	20	15	20	25	5
EGX-436	20	20	20	25	16
JZF-214	20	34	20	42	19
ATK-558	20	36	20	45	11
ATK-558	20	37	20	43	12
QTV-353	20	39	20	45	14
DLU-797	20	41	20	46	14
KVY-517	20	47	20	54	11
ODL-981	20	53	21	3	2
RZM-584	20	59	21	5	17
RZM-584	21	2	21	8	9
PZL-230	21	9	21	19	15
URE-729	21	10	21	15	16
CVP-608	21	19	21	29	12
OHO-220	21	22	21	31	14
LQT-743	21	25	21	33	9
QMX-394	21	33	21	43	7
IML-535	21	35	21	41	12
TBD-432	21	35	21	43	11
WJY-527	21	35	21	41	19
OFO-431	21	45	21	53	20
DLU-797	21	48	21	56	16
INU-784	21	53	21	59	5
WJY-527	21	55	22	0	18
PME-268	22	5	22	10	12
IOP-161	22	6	22	15	15
DWY-428	22	21	22	29	19
OFO-431	22	26	22	32	8
LBR-208	22	30	22	38	16
ULC-887	22	57	23	4	13
JDU-495	23	5	23	11	5
HON-407	23	6	23	15	2
BKT-573	23	11	23	21	19
FQB-640	23	11	23	16	12
ORI-898	23	12	23	18	6
JHR-267	23	13	23	23	9
BFO-585	23	26	23	32	9
DLU-797	23	31	23	36	13
HMY-896	23	34	23	42	7
VWH-349	23	35	23	45	19
ILH-371	23	42	23	50	7
JLE-260	23	42	23	51	19
WLQ-587	23	44	23	52	7
VUC-502	23	47	23	57	2
DWY-428	23	49	23	58	15
VCI-347	23	49	23	56	17
ILH-371	23	51	0	0	2
KHN-207	23	51	23	58	8
OFO-431	23	53	0	2	3
KVY-517	23	57	0	3	20
CTY-765	23	59	0	4	1
