26 B 2 3 6 4 5 2 3 1 5 4 6 1 3 2 5 6 2 5 2 3 4 1 6 4 3 5
20 D 5 3 6 2 5 2 3 1 6 5 4 3 1 2 6 3 5 4 1 6
31 C 4 1 3 5 4 1 2 5 2 5 4 2 1 4 6 1 4 1 3 6 3 5 6 2 5 2 3 4 5 1 6
40 H 1 6 4 5 3 6 2 3 1 6 4 1 3 5 4 2 6 5 2 3 5 1 6 2 4 1 3 4 5 2 1 5 2 5 4 2 5 1 6 4
23 F 2 5 4 1 2 4 5 2 6 5 2 3 5 2 5 6 1 4 1 3 4 1 4
23 B 2 3 4 1 5 4 2 6 1 4 5 3 1 6 2 5 4 1 3 2 5 4 3
34 C 5 3 4 2 5 6 2 3 1 4 6 5 3 1 4 6 1 4 3 1 2 5 2 5 2 5 2 5 4 6 2 3 1 4
24 F 2 5 2 5 6 2 5 4 2 1 4 5 1 4 3 1 4 1 4 2 6 1 4 1
27 F 6 3 6 2 4 3 1 5 6 3 2 5 2 6 4 1 3 5 2 4 6 5 2 5 1 2 5
32 D 3 5 6 3 1 4 6 1 4 1 3 2 5 2 5 4 2 1 4 1 4 1 4 1 5 4 2 1 4 1 5 2
39 F 6 3 4 1 2 5 4 2 5 2 5 2 5 6 3 6 3 6 3 1 4 6 1 2 4 5 2 5 2 3 6 5 1 2 5 2 4 1 5
38 G 4 6 1 5 4 2 5 1 3 6 3 6 3 2 4 5 2 6 5 2 3 5 2 6 1 4 5 3 1 4 1 2 4 6 5 1 2 5
36 C 3 4 6 3 5 6 3 6 1 4 2 1 5 2 4 1 4 5 3 6 1 2 4 3 1 4 6 3 6 5 1 3 6 3 2 4
22 G 5 6 2 4 1 3 6 3 6 3 5 4 1 4 2 1 4 6 1 5 2 3
27 B 4 2 1 3 6 5 2 5 3 4 2 6 3 6 3 5 2 5 1 2 5 2 4 1 5 6 4
16 A 3 6 1 4 3 2 5 2 5 1 2 5 2 4 6 3
37 C 3 4 6 1 5 3 2 5 2 4 1 5 6 2 4 5 2 1 4 5 3 6 3 1 2 6 3 6 4 3 6 1 5 2 5 2 3
40 B 2 3 6 5 4 3 6 3 6 2 5 1 4 3 2 5 2 5 1 6 2 5 3 4 1 2 4 6 3 5 6 1 4 2 1 4 3 1 5 6
22 B 4 2 1 4 5 2 1 3 4 1 6 3 5 2 4 5 1 4 6 1 2 4
26 E 2 1 6 5 2 3 5 6 4 1 4 3 2 6 1 3 6 4 1 3 4 6 1 3 4 5
24 E 1 4 1 2 4 1 5 4 2 6 1 3 4 6 1 3 6 4 3 1 6 4 2 1
34 F 4 2 6 1 5 3 6 4 1 3 4 1 4 1 6 2 5 2 3 4 5 2 5 1 4 6 1 4 1 2 3 6 5 4
35 F 6 4 2 1 3 6 5 4 3 2 5 6 1 2 4 1 5 3 6 2 5 2 3 5 2 5 2 5 4 1 2 5 4 2 1
18 C 4 1 3 5 6 3 4 1 4 1 4 1 4 6 2 3 6 5
34 D 3 6 3 5 1 2 5 2 4 1 5 4 1 6 4 1 2 3 6 3 6 5 4 1 3 6 2 4 1 4 1 5 3 6
17 F 2 4 1 4 5 1 2 4 1 5 2 4 5 6 3 6 2
34 H 6 1 3 4 5 2 6 3 5 2 6 5 1 4 1 3 2 4 5 2 6 1 4 5 3 6 2 5 2 3 1 6 3 4
32 D 5 2 5 2 1 5 3 4 6 1 2 3 5 6 2 4 3 1 5 2 4 5 1 2 5 6 4 1 2 4 3 5
38 C 3 4 5 1 6 3 4 2 1 6 5 2 5 2 4 3 6 3 1 6 4 5 2 4 5 2 3 6 5 4 1 4 3 2 6 1 5 2
19 A 1 3 4 6 2 5 1 3 4 6 3 1 4 6 3 6 3 6 1
29 E 6 2 3 5 2 1 4 6 5 1 2 4 3 6 3 6 1 5 3 2 5 2 6 4 3 1 5 2 6
24 B 4 3 2 5 2 1 6 3 5 4 2 6 5 3 1 6 3 6 3 4 1 4 6 1
36 E 6 2 1 4 3 6 3 6 1 3 4 5 6 2 3 5 6 1 2 4 1 4 3 6 5 1 4 1 2 3 5 4 1 6 3 4
32 C 5 3 2 6 3 5 6 2 3 6 4 5 1 3 4 2 6 3 1 5 4 1 4 1 6 4 2 3 1 5 6 3
38 H 5 1 4 1 4 1 2 4 1 6 3 6 5 3 4 1 2 6 5 4 3 6 2 1 5 2 3 6 4 5 2 3 1 5 6 4 2 5
20 A 2 3 1 5 2 4 1 4 5 1 6 3 2 4 1 4 1 4 5 1
32 G 5 6 3 2 6 3 6 5 4 1 4 3 1 4 2 5 2 5 1 6 2 4 5 2 3 6 3 6 1 4 5 1
35 H 5 6 1 2 4 3 6 1 4 5 3 2 5 2 1 5 6 3 6 4 3 6 3 6 1 3 6 2 4 3 6 3 1 6 4
21 F 6 2 3 5 4 6 3 6 3 2 1 5 2 6 5 4 2 1 4 3 6
37 B 3 6 4 3 2 6 5 3 2 1 6 5 2 3 6 5 2 3 5 6 2 5 4 2 3 6 3 5 6 2 1 4 5 1 2 4 1
22 B 3 6 2 4 5 3 6 1 4 1 4 2 5 1 3 4 1 6 4 2 5 2
22 C 3 6 4 1 3 4 5 2 6 5 3 6 1 3 2 6 4 3 1 6 5 4
23 D 1 5 3 6 3 6 3 2 4 1 4 5 1 2 5 6 3 4 1 6 2 4 3
21 B 4 2 5 2 1 5 3 4 6 3 1 2 5 4 1 4 1 2 5 4 2
29 B 3 6 4 1 3 6 2 4 1 3 4 5 6 2 5 2 1 4 5 1 3 4 1 4 6 2 1 5 2
36 B 4 3 2 1 4 6 3 6 5 1 3 2 5 4 2 5 1 2 4 1 5 4 1 4 6 2 5 1 2 5 2 4 5 3 1 2
40 D 5 1 4 1 3 6 4 3 2 5 1 4 6 2 5 3 2 6 5 1 3 4 1 4 1 6 3 4 6 2 3 6 5 2 1 5 3 6 4 6
16 D 1 3 6 5 4 1 3 2 5 2 4 6 5 1 3 6
21 A 3 1 6 2 4 1 3 5 4 1 2 6 4 1 3 6 3 6 5 3 2
39 G 5 6 4 2 3 6 1 4 3 6 5 3 6 1 4 3 1 2 4 5 1 4 1 2 6 5 4 3 1 6 2 5 4 1 2 4 5 2 1
22 H 1 6 4 1 5 4 1 3 4 2 6 1 3 5 6 4 3 2 6 5 3 6
17 E 6 3 2 5 1 6 4 2 3 6 5 3 2 5 2 6 5
33 G 6 4 1 4 1 3 6 4 3 1 4 6 3 6 3 5 1 6 4 1 4 1 2 5 4 1 4 2 3 1 4 6 3
25 E 1 6 2 4 5 2 1 5 2 5 3 6 2 5 3 6 4 3 1 4 6 3 1 4 1
19 D 3 1 5 2 5 6 2 4 1 4 5 1 3 6 2 4 1 3 5
20 G 4 5 6 2 1 5 3 2 6 3 4 6 1 5 2 5 4 1 2 4
39 H 1 4 6 1 3 6 5 4 2 5 3 2 1 6 5 4 2 5 2 3 5 1 2 6 4 5 3 6 3 1 2 6 3 6 3 6 3 5 2
35 D 1 3 6 3 6 3 4 5 2 1 6 4 5 3 6 3 1 2 6 4 3 6 3 1 6 5 2 4 5 2 1 4 3 1 6
32 C 5 2 3 5 6 4 2 1 5 2 3 5 4 2 1 4 1 4 5 2 1 6 5 4 2 5 1 2 5 3 6 2
19 C 5 3 6 3 2 4 6 1 5 3 4 1 2 6 5 2 3 6 3
24 H 5 1 2 5 4 2 1 4 6 5 1 3 2 4 2 1 4 6 3 6 1 4 1 2
16 G 5 2 6 4 3 1 5 2 4 6 3 1 4 6 1 3
15 B 3 6 3 2 6 3 4 6 1 3 6 5 2 5 3
38 A 3 1 2 4 1 4 1 5 4 6 3 2 5 2 6 3 1 5 4 6 2 3 1 5 4 2 1 4 5 6 2 3 5 2 6 5 1 2
17 G 4 1 4 1 6 3 5 2 5 6 3 2 4 6 5 1 3
31 F 2 4 1 6 4 5 3 6 1 3 2 4 1 6 5 2 4 1 5 4 2 1 5 3 2 5 2 5 4 6 3
39 E 1 6 3 4 6 1 3 6 4 3 1 2 5 2 4 6 5 3 2 6 3 5 2 1 6 5 3 6 4 2 3 1 4 5 6 3 1 2 4
17 A 2 1 4 1 5 4 3 2 5 2 6 3 6 1 3 4 6
31 B 2 5 2 5 4 3 2 1 6 3 4 5 2 5 1 2 6 4 5 3 1 4 2 5 6 3 6 2 3 1 5
39 D 5 2 1 3 6 4 3 6 3 1 6 3 6 5 4 3 2 1 6 3 4 1 5 4 1 4 6 3 1 2 6 3 6 5 4 1 3 2 5
22 A 2 5 3 6 1 4 1 3 2 4 1 4 6 3 6 1 5 4 2 3 1 5
23 E 1 6 3 2 5 2 5 6 2 3 6 5 3 6 4 1 4 1 3 4 6 3 6
40 F 4 1 4 1 6 3 2 6 4 5 2 1 3 4 5 2 6 3 1 4 5 1 2 6 4 3 5 6 1 4 1 2 5 2 3 4 5 2 6 5
40 C 5 2 3 5 4 2 6 1 5 2 4 3 5 1 4 2 4 6 3 6 5 3 4 1 6 3 4 1 2 5 4 6 3 2 1 4 6 5 1 4
39 C 4 3 6 5 2 3 6 5 3 2 1 4 5 6 2 3 6 5 2 3 5 6 1 4 1 3 2 5 6 2 4 5 1 4 2 1 4 5 2
36 E 1 6 4 1 2 4 5 2 3 1 5 2 4 5 1 6 2 4 3 1 4 6 1 5 2 3 5 4 6 1 2 5 4 2 3 1
36 D 5 3 2 5 2 5 2 6 3 6 3 6 5 1 2 4 5 1 4 1 4 3 6 3 1 6 2 4 3 6 3 5 1 3 2 5
21 F 2 6 4 3 5 6 2 1 5 2 5 4 1 2 5 2 5 3 6 4 1
24 D 3 1 5 4 6 3 1 2 6 4 1 3 6 4 5 3 2 5 6 2 5 2 1 5
21 E 1 6 4 2 3 6 5 2 5 3 1 2 5 6 2 3 4 1 6 4 1
23 D 5 2 3 5 6 1 3 2 5 6 4 1 3 6 3 4 2 6 5 1 3 4 2
39 A 1 4 3 2 6 5 3 2 1 6 3 4 6 3 1 6 4 5 1 3 6 2 4 1 4 3 1 6 3 5 4 1 6 3 6 3 6 2 4
22 F 4 2 1 5 2 6 5 4 2 3 1 5 2 5 2 6 5 3 6 4 1 2
26 H 5 6 1 2 4 3 6 3 1 5 6 2 4 1 5 2 3 6 5 2 4 1 5 4 1 4
26 B 2 5 4 1 3 4 6 3 6 3 1 2 5 2 4 5 6 3 1 4 1 4 2 1 5 6
26 G 5 4 6 3 2 1 4 5 6 2 5 1 2 5 4 3 6 1 2 4 3 6 3 6 1 4
18 B 2 5 2 4 3 5 2 1 4 6 1 5 3 2 5 6 4 1
28 G 4 5 1 4 2 1 4 6 5 1 4 3 6 2 3 1 4 6 3 6 3 6 3 6 5 1 4 2
19 B 2 5 3 2 6 4 5 1 4 1 4 1 3 2 6 4 5 3 2
28 F 6 3 4 2 1 4 6 3 1 6 5 3 4 2 1 4 1 6 3 4 1 4 6 5 1 2 3 6
23 B 4 2 1 3 4 1 4 1 6 4 1 5 3 2 4 6 3 5 1 4 1 4 2
17 F 2 6 5 2 5 2 4 3 1 5 6 2 4 5 1 2 5
40 C 4 1 5 2 4 1 3 6 5 3 2 4 1 4 5 1 2 6 4 5 3 2 5 2 6 1 4 3 6 1 3 6 3 6 3 6 4 1 3 5
22 F 4 2 6 3 5 2 1 5 6 2 5 3 4 1 4 1 6 2 5 4 1 2
18 F 6 2 4 1 5 2 4 3 1 4 1 6 5 4 1 3 4 1
17 H 5 2 6 5 2 5 1 4 3 1 2 4 1 5 2 4 5
38 C 5 2 5 2 3 5 4 1 2 5 2 4 6 5 2 1 5 3 2 6 3 4 1 4 1 4 5 1 4 6 1 3 6 2 4 1 5 4
33 A 2 3 6 3 1 4 6 1 4 1 5 2 3 5 4 6 1 4 2 3 6 5 3 1 6 4 1 3 4 1 4 2 1
29 F 2 4 1 4 5 6 1 2 4 3 5 2 1 6 4 1 4 1 4 5 1 2 4 3 5 2 1 4 5
26 D 1 3 6 5 4 2 1 4 1 4 1 5 4 2 5 2 5 1 3 2 5 6 2 4 5 2