11 23 31 52 44 65 46 25 33 12 24 16 35 56 64 45 66 54 62 43 51 63 55 36 15 34 26 14 22 41 53 61 42 21 13 32
36 55 63 51 43 62 41 22 14 26 34 15 23 11 32 13 25 46 54 66 45 64 52 31 12 33 21 42 61 53 65 44 56 35 16 31
65 46 54 62 41 22 14 26 34 15 36 55 63 51 43 31 23 11 32 13 25 44 52 64 56 35 16 24 12 33 21 42 53 61 45 66
11 23 31 52 44 65 46 25 13 32 24 16 35 56 64 45 66 54 62 43 51 63 55 36 15 34 26 14 22 41 53 61 42 21 33 12
12 33 21 13 25 46 65 44 56 64 52 31 23 11 32 51 63 42 61 53 41 22 34 15 36 55 43 62 54 66 45 24 16 35 14 25
23 11 32 44 56 64 52 31 12 33 21 13 25 46 65 53 61 42 63 51 43 35 16 24 45 66 54 62 41 22 14 26 34 15 36 55
22 41 62 43 51 63 55 36 15 23 11 32 53 61 42 34 26 14 35 23 24 12 31 52 64 56 44 65 46 25 13 21 33 45 66 54
23 11 32 44 56 64 45 66 54 35 16 24 12 31 52 33 21 13 25 46 65 53 61 42 63 51 43 62 41 22 14 26 34 55 36 15
23 11 32 51 43 62 41 22 14 35 16 24 36 55 63 42 61 53 65 44 56 64 52 31 12 33 21 13 25 46 54 66 45 26 34 15
32 11 23 15 36 55 63 51 43 22 41 62 54 66 45 24 16 35 14 26 34 42 61 53 65 46 25 44 56 64 52 31 12 33 21 13
55 63 51 32 11 23 15 34 26 45 66 54 46 65 44 36 16 24 35 14 22 43 62 41 53 61 42 21 13 25 33 12 31 52 64 56
44 23 11 32 51 63 42 61 53 65 46 25 13 21 33 12 31 52 64 56 35 16 24 43 55 36 15 34 26 14 22 41 62 54 66 45
23 11 32 51 43 64 52 31 12 33 21 13 25 46 65 53 61 42 63 44 56 35 16 24 45 66 54 62 41 22 14 26 34 15 36 54
12 31 23 11 32 51 63 55 43 62 41 22 14 26 34 42 61 53 65 44 52 33 21 13 25 46 54 66 45 64 56 35 16 24 36 15
21 13 32 11 23 42 61 53 65 44 52 31 12 33 25 46 54 66 45 64 56 35 16 24 36 55 63 51 43 62 41 22 14 26 34 15
63 51 32 11 23 44 65 46 25 13 21 42 61 53 34 15 36 55 43 24 16 35 56 64 52 31 12 33 54 66 45 26 14 22 41 62
62 41 53 65 46 25 13 21 33 12 31 52 64 56 44 32 11 23 15 34 22 43 51 63 55 36 24 16 35 14 26 45 66 54 42 54
63 51 32 11 23 44 25 46 65 53 61 42 21 13 34 15 36 55 43 24 16 35 56 64 52 31 12 33 14 26 45 66 54 62 41 22
36 15 23 11 32 51 63 42 61 53 41 22 14 26 34 55 43 62 54 12 45 33 21 13 25 46 65 44 52 64 56 35 16 24 12 31
36 15 23 11 32 51 63 42 61 53 41 22 14 26 34 55 43 62 54 66 45 33 21 13 25 46 65 44 56 64 52 31 12 24 16 35
36 15 23 11 32 51 63 55 43 62 41 22 14 26 34 42 61 53 65 44 52 33 21 13 25 46 54 66 45 64 56 35 16 24 12 31
42 63 51 32 11 23 31 52 64 56 44 65 46 25 13 21 33 12 24 16 35 14 26 45 66 54 62 43 55 36 15 34 22 41 53 61
36 55 63 51 43 62 41 22 14 26 34 15 23 11 32 13 21 42 61 53 65 44 52 31 12 33 25 46 54 66 54 64 56 35 16 24
55 36 15 23 11 32 51 63 44 65 46 25 13 21 42 61 53 34 22 41 62 43 64 56 35 16 24 12 31 52 33 54 66 45 26 14
64 43 51 32 11 23 15 36 55 34 26 14 22 41 62 54 66 45 24 16 35 56 44 63 42 61 53 65 46 25 13 21 33 52 31 12
41 22 34 15 23 11 32 51 63 42 61 53 65 44 56 64 52 31 12 33 21 13 25 46 54 66 45 26 14 35 16 24 36 55 43 62
65 44 56 64 52 31 23 11 32 51 43 62 41 22 14 35 16 24 12 33 21 13 25 46 54 66 45 26 34 15 36 55 63 42 61 53
62 41 22 43 51 63 55 36 15 23 11 32 13 21 33 45 66 54 35 16 24 12 31 52 64 56 44 25 46 65 53 61 42 34 26 14
11 32 24 16 35 56 64 45 66 54 46 25 13 21 33 52 44 65 53 61 42 34 26 14 22 41 62 54 51 63 55 36 15 23 31 12
21 13 25 46 65 44 52 33 12 31 23 11 32 51 63 55 43 62 54 66 45 64 56 35 16 24 36 15 34 42 61 53 41 22 14 26
15 36 55 63 51 32 11 23 44 65 46 25 13 21 42 61 53 34 22 41 62 43 24 16 35 56 64 52 31 12 33 54 66 45 26 45
65 46 25 44 56 64 52 31 12 33 21 13 32 11 23 15 36 55 63 51 43 22 41 62 54 66 45 24 16 35 14 26 34 42 61 53
63 51 43 62 41 22 14 26 34 55 36 15 23 11 32 44 56 64 45 66 54 35 16 24 12 31 52 33 21 13 25 46 65 53 61 42
11 23 15 36 55 63 51 32 44 65 46 25 13 21 42 61 53 34 22 41 62 43 31 52 64 56 35 16 24 12 33 54 66 45 26 14
11 32 24 16 35 56 44 65 53 61 42 21 13 25 33 52 64 45 66 54 46 34 26 14 22 41 62 43 51 63 55 36 15 23 31 12
23 11 32 13 21 42 61 53 65 44 52 31 12 33 25 46 54 66 45 64 56 35 16 24 36 55 63 51 43 62 41 22 14 26 34 15
62 41 22 43 51 63 55 36 15 23 11 32 13 21 33 12 31 52 64 56 44 25 46 65 53 61 42 34 26 14 35 16 24 45 54 66
32 11 23 42 61 53 65 46 25 44 56 64 52 31 12 24 16 35 14 26 34 15 36 55 63 51 43 22 41 62 54 66 45 33 21 13
23 11 32 51 63 42 61 53 41 22 34 15 36 55 43 62 54 66 45 26 14 35 16 24 12 33 21 13 25 46 65 44 56 64 52 31
32 11 23 15 36 55 63 51 43 62 41 22 14 26 34 42 61 53 65 44 52 33 21 13 25 46 54 66 45 64 56 35 16 24 12 31
51 32 11 23 15 36 55 63 44 65 46 25 13 21 42 61 53 34 22 41 62 43 64 56 35 16 24 12 31 52 33 54 66 45 26 14
12 31 23 11 32 51 43 62 54 66 45 26 14 22 34 55 63 42 61 53 41 33 21 13 25 46 65 44 52 64 56 35 16 24 36 15
63 51 32 11 23 44 25 13 21 42 61 53 65 46 34 15 36 55 43 24 16 35 56 64 52 31 12 33 45 66 54 62 41 22 14 26
63 51 32 11 23 44 65 53 61 42 21 13 25 46 34 15 36 55 43 24 16 35 56 64 52 31 12 33 41 22 14 26 45 66 54 62
36 15 23 11 32 51 63 55 43 62 41 22 34 53 61 42 21 13 25 46 65 44 56 64 52 31 12 24 16 35 14 26 45 66 54 33
36 15 23 11 32 51 43 62 54 66 45 26 14 22 34 55 63 42 61 53 41 33 21 13 25 46 65 44 56 64 52 31 12 24 16 35
36 15 23 11 32 51 43 62 54 66 45 26 14 22 34 55 63 42 61 53 41 33 21 13 25 46 65 44 52 64 56 35 16 24 12 31
62 43 51 32 11 23 31 52 64 56 44 65 46 25 13 21 33 12 24 16 35 14 26 45 66 54 42 63 55 36 15 34 22 41 53 61
46 25 13 32 11 23 31 52 64 45 66 54 62 43 51 63 55 36 15 34 26 14 22 41 53 61 42 21 33 12 24 16 35 56 44 65
65 44 52 31 23 11 32 13 21 42 61 53 41 22 14 26 34 15 36 55 63 51 43 62 54 66 45 64 56 35 16 24 12 33 25 46
26 14 22 41 62 43 55 63 51 32 11 23 31 12 33 52 64 45 66 54 46 34 15 36 24 16 35 56 44 65 53 61 42 21 13 25
62 41 22 43 51 63 55 36 15 23 11 32 13 34 26 45 66 54 35 16 24 12 31 52 64 56 44 25 46 65 53 61 42 21 33 14
12 33 21 13 25 46 65 44 56 64 52 31 23 11 32 51 63 42 61 53 41 22 34 15 36 55 43 62 54 66 45 26 14 35 16 24
21 13 25 46 65 44 56 64 52 33 12 31 23 11 32 53 61 42 34 15 36 55 63 51 43 62 41 22 14 26 45 66 54 35 16 24
63 51 43 62 41 22 14 26 34 55 36 15 23 11 32 44 56 64 45 66 54 35 16 24 12 31 52 33 25 13 21 42 61 53 65 46
63 51 43 62 41 22 14 26 34 55 36 15 23 11 32 44 56 64 45 66 54 35 16 24 12 31 52 33 25 13 21 42 61 53 65 46
11 32 51 63 55 36 15 23 44 65 46 25 13 21 42 61 53 34 22 41 62 43 24 16 35 56 64 52 31 12 33 54 66 45 26 14
11 32 24 16 35 56 64 45 66 54 46 25 13 21 33 52 44 65 53 61 42 34 26 14 22 41 62 43 51 63 55 36 15 23 31 12
23 11 32 13 25 46 54 66 45 64 52 31 12 33 21 42 61 53 65 44 56 35 16 24 36 55 63 51 43 62 41 22 14 26 34 15
23 11 32 53 61 42 21 13 25 46 65 44 56 64 52 31 12 33 45 66 54 35 16 24 36 15 34 55 63 51 43 62 41 22 14 26
23 11 32 51 43 62 54 66 45 26 34 15 36 55 63 42 61 53 41 22 14 35 16 24 12 33 21 13 25 46 65 44 56 64 52 31
32 11 23 15 36 55 63 51 43 62 41 22 14 26 34 46 54 66 45 64 52 33 25 13 21 42 61 53 65 44 56 35 16 24 12 31
15 23 11 32 51 63 55 36 44 65 46 25 13 21 42 61 53 34 22 41 62 43 31 52 64 56 35 16 24 12 33 54 66 45 26 14
12 31 23 11 32 51 63 55 43 62 41 22 14 26 34 46 54 66 45 64 52 33 25 13 21 42 61 53 65 44 56 35 16 24 36 15
63 51 32 11 23 44 25 13 21 42 61 53 65 46 34 15 36 55 43 24 16 35 56 64 52 31 12 33 41 62 54 66 45 26 14 22
63 51 32 11 23 44 65 53 61 42 21 13 25 46 34 15 36 55 43 24 16 35 56 64 52 31 12 33 45 26 14 22 41 62 54 66
63 51 32 11 23 44 65 46 54 62 41 22 14 26 34 15 36 55 43 24 16 35 56 64 52 31 12 33 25 13 21 42 61 53 45 66
36 15 23 11 32 51 63 55 43 22 41 62 54 66 45 24 16 35 14 26 34 42 61 53 65 46 25 44 56 64 52 31 12 33 21 13
36 15 23 11 32 51 63 55 43 62 41 22 14 26 34 46 54 66 45 64 52 33 25 13 21 42 61 53 65 44 56 35 16 24 12 31
62 43 51 32 11 23 15 34 26 45 66 54 46 25 13 21 33 12 31 52 64 56 44 65 53 61 42 63 55 36 24 16 35 14 22 41
64 56 44 32 11 23 15 36 55 34 26 14 22 41 62 43 51 63 42 61 53 65 46 25 13 21 33 52 31 12 24 16 35 54 66 45
56 64 52 31 23 11 32 13 21 42 61 53 41 62 43 35 16 24 12 33 25 44 65 46 54 66 45 26 14 22 34 15 36 55 63 51
51 63 55 36 15 23 11 32 44 65 46 25 13 21 42 61 53 34 22 41 62 43 31 12 24 16 35 56 64 52 33 54 66 45 26 14
26 14 22 41 62 43 55 63 51 32 11 23 31 12 33 52 44 65 53 61 42 34 15 36 24 16 35 56 64 45 66 54 46 25 13 21
22 41 62 43 51 63 55 36 15 23 11 32 53 61 42 21 33 14 35 16 24 12 31 52 64 56 44 65 46 25 13 34 26 45 66 54
12 33 21 13 25 46 65 44 56 64 52 31 23 11 32 51 43 62 54 66 45 26 34 15 36 55 63 42 61 53 41 22 14 35 16 24
36 55 63 51 43 62 41 22 14 26 34 15 23 11 32 13 21 42 61 53 65 44 52 31 12 33 25 46 54 66 45 64 56 35 16 24
62 41 53 65 46 25 13 21 33 12 31 52 64 56 44 32 11 23 15 34 22 43 51 63 55 36 24 16 35 14 26 45 66 54 42 61
11 32 24 16 35 56 64 52 44 65 46 25 13 21 42 61 53 34 22 41 62 43 51 63 55 36 15 23 31 12 33 54 66 45 26 14
23 11 32 51 43 64 52 31 12 33 21 13 25 46 65 53 61 42 63 44 56 35 16 24 45 66 54 62 41 22 14 26 34 15 36 55
23 11 32 53 61 42 63 51 43 35 16 24 12 31 52 33 21 13 25 46 65 44 56 64 45 66 54 62 41 22 14 26 34 55 36 15
23 11 32 13 25 46 65 44 56 35 16 24 36 55 63 51 43 62 54 66 45 64 52 31 12 33 21 42 61 53 41 22 14 26 34 15
32 11 23 15 36 55 63 51 43 62 41 22 34 53 61 42 21 13 25 46 65 44 56 64 52 31 12 24 16 35 14 26 45 66 54 33
44 23 11 32 51 63 42 61 53 65 46 25 13 21 33 12 31 52 64 56 35 16 24 43 55 36 15 34 22 14 26 45 66 54 62 41
12 31 23 11 32 51 63 42 61 53 41 22 14 26 34 55 43 62 54 66 45 33 21 13 25 46 65 44 52 64 56 35 16 24 36 15
12 31 23 11 32 51 63 55 43 62 41 22 14 26 45 66 54 33 25 46 65 44 52 64 56 35 16 24 36 15 34 53 61 42 21 13
63 51 32 11 23 44 65 46 25 13 21 42 61 53 34 15 36 55 43 24 16 35 56 64 52 31 12 33 54 62 41 22 14 26 45 66
63 51 32 11 23 44 25 46 65 53 61 42 21 13 34 15 36 55 43 24 16 35 56 64 52 31 12 33 14 22 41 62 54 66 45 26
63 51 32 11 23 44 65 46 54 66 45 26 14 22 34 15 36 55 43 24 16 35 56 64 52 31 12 33 25 13 21 42 61 53 41 62
36 15 23 11 32 51 63 42 61 53 41 22 14 26 34 55 43 62 54 66 45 33 21 13 25 46 65 44 52 64 56 35 16 24 12 31
62 43 51 32 11 23 31 52 64 56 44 65 46 25 13 21 33 12 24 16 35 14 22 41 53 61 42 63 55 36 15 34 26 45 66 54
55 63 51 32 11 23 15 36 44 65 46 25 13 21 42 61 53 34 22 41 62 43 31 12 24 16 35 56 64 52 33 54 66 45 26 14
55 63 51 32 11 23 15 34 26 45 66 54 46 65 44 36 24 16 35 14 22 43 62 41 53 61 42 21 13 25 33 12 31 52 64 56
56 64 52 31 23 11 32 44 65 46 54 66 45 26 14 35 16 24 12 33 25 13 21 42 61 53 41 62 43 22 34 15 36 55 63 51
15 36 55 63 51 32 11 23 44 65 46 25 13 21 42 61 53 34 22 41 62 43 24 16 35 56 64 52 31 12 33 54 66 45 26 14
62 41 22 43 51 63 55 36 15 23 11 32 13 21 33 12 31 52 64 56 44 25 46 65 53 61 42 34 26 14 35 16 24 45 66 54
22 41 62 43 51 63 55 36 15 23 11 32 53 61 42 34 26 14 35 16 24 12 31 52 64 56 44 65 46 25 13 21 33 45 66 54
12 33 21 13 25 46 65 44 56 64 52 31 23 11 32 51 63 42 61 53 41 22 34 15 36 55 43 62 54 66 45 24 16 35 14 26
36 55 63 51 43 62 41 22 14 26 34 15 23 11 32 13 25 46 54 66 45 64 52 31 12 33 21 42 61 53 65 44 56 35 16 24
65 46 54 62 41 22 14 26 34 15 36 55 63 51 43 31 23 11 32 13 25 44 52 64 56 35 16 24 12 33 21 42 61 53 45 66