5432
897914
763884
725056
729006
114305
468374
64586
213381
810162
800030
312389
116665
541889
238610
224274
215907
916536
35851
434457
354081
73281
744394
743173
257135
805107
662778
207783
390554
159926
537853
232160
115408
96994
162286
577267
636867
582647
421194
469074
751668
105440
544956
491569
349844
84298
598780
461315
267340
155334
411640
403893
325011
973041
856861
919323
737219
700367
152402
310918
389560
721638
497124
334313
400028
556879
681919
3535
473945
495270
523996
901048
578103
579324
796165
124112
714921
113137
400597
449730
948161
636767
622842
164522
415907
295362
378030
846750
619075
859514
154833
499096
997722
226856
67497
73809
659679
585588
442444
505020
853087
598873
743036
857382
322952
47421
802532
858172
271405
295325
597130
178983
498071
958045
469557
100258
117343
689392
354200
281675
934190
983021
493614
91451
255348
227951
169689
419937
547937
808187
871052
581004
987860
910219
346450
133517
958946
895826
829610
225038
60022
899175
580513
349658
693364
583793
20896
723394
118877
288159
457699
389580
123901
426967
296762
155476
208623
222863
636233
133639
590607
872831
843807
753862
281831
959706
198564
866784
140481
383542
532123
994685
100676
282691
269310
249057
168908
762737
472515
913798
258805
134182
419068
177217
216288
968904
624827
898035
712478
500828
735536
974558
323812
804102
759385
194215
672824
833042
693932
454007
125652
425320
235427
404778
841285
677367
938159
385664
720925
701573
163149
229537
142161
610299
491580
337746
421287
435920
935791
821747
738127
65039
393845
836317
454303
676251
929986
364854
511002
751647
755405
122000
62407
784197
847431
497634
30927
640779
743323
407291
224985
204339
236146
296493
647968
633788
308288
659833
856631
509799
575502
712541
953423
199935
338656
888414
445736
806725
226638
238341
32513
782815
325477
265659
923637
937448
376239
425527
133199
323509
379711
124434
873761
929770
979270
542390
191854
461998
864056
634372
652250
334515
661638
453097
147551
770981
254419
314103
426906
861082
958828
820501
718987
458600
675249
769199
862565
354211
686155
382848
251411
868233
81878
529792
5884
789038
707903
769557
502326
370452
848602
587910
877901
417458
374709
546362
236679
852933
260867
434488
266400
441539
159303
822750
485657
879804
753783
516673
161438
504612
528145
793337
665303
919084
559731
609128
119653
409192
197533
949727
744888
163196
151155
416674
691530
187143
327885
206169
417527
633996
721263
686676
697336
428089
40406
924269
607446
255611
533736
341642
34195
395595
368503
824806
305253
551061
329201
174116
299734
180217
566923
341738
788905
605205
881310
226630
28985
871882
136565
917840
721358
157276
349531
626243
391053
676564
457237
869307
836504
912362
827471
40049
142230
202573
506568
180304
539534
213072
126928
987122
338110
437727
538054
301187
66505
743107
901547
820898
295181
660356
339779
422577
46979
896387
684924
30343
352535
581465
577099
396588
270783
621194
404785
181678
477558
877236
87958
242893
97038
704456
890713
694988
193170
531390
628912
570768
204977
808385
117474
350388
181826
596797
809803
51894
897746
493862
445054
670694
718835
73568
643616
613069
425795
161781
73513
254144
48101
325721
244438
529969
628461
644414
537477
880831
814791
955623
701699
452333
575845
43982
43263
19496
978506
808075
782509
430322
903615
982401
800805
210730
101243
904601
569476
926476
742412
617120
845167
459396
686972
440978
666823
253426
2246
801475
751573
331106
132970
744848
769426
334343
704918
977623
549182
998036
71570
634248
849444
97737
780259
32600
280490
217437
952156
693066
206011
992776
764798
844158
583436
327827
223563
943550
964698
496185
102938
403142
842143
267875
673448
564210
716302
615471
209709
561859
588072
764719
324633
278540
451247
108955
350631
735169
127460
312953
115867
964178
790299
424878
639079
171868
581904
206677
517432
666096
877291
492269
197216
708121
800128
366065
129970
613445
429644
382403
167369
165709
135636
56695
335500
851658
572053
121509
11913
269831
794100
747847
546144
500667
842862
641831
874191
898052
321727
304392
319573
918451
517834
4377
914687
756043
919575
129965
749469
16430
983169
241406
920791
524422
99109
187187
467526
334616
909654
206171
401570
709501
275660
414695
708936
105214
739886
964840
518303
740420
646997
546489
243407
712927
257305
853045
230880
673726
540019
28055
935941
464824
742176
511244
383467
469619
854444
242082
466792
126970
591145
810121
790902
264342
496004
687971
744481
327429
43664
529575
638485
60598
355415
792510
341193
58613
458337
830457
421839
742129
846415
517992
797151
65611
402046
959710
501913
604544
880555
830939
285204
597955
201693
334200
981835
640846
515226
657754
228380
400905
95465
512879
336854
225785
894711
25532
532467
624516
700806
487873
887536
417295
471678
445213
431379
420420
186157
125949
415661
25106
321160
704032
379151
662429
129555
899183
596287
876866
926034
180619
630458
185660
583797
495801
473426
575565
478100
786946
538032
972011
904121
814427
703366
399087
733106
139430
510975
550600
286067
22209
125494
286363
268445
480203
75257
154202
510826
548189
21824
415752
464710
378027
769897
916709
299063
647480
729656
315609
652558
756527
472509
387202
880558
667305
849661
16877
210525
903949
732295
181831
932548
121803
458842
378249
617554
408864
877078
486875
307995
99424
507370
634492
446255
222018
999794
191027
730849
819111
334184
772740
593549
2179
487958
658790
116577
132929
317046
140459
299804
514653
880544
515293
844477
742754
388532
133723
327025
918781
850716
374817
286123
78486
23976
711146
883646
554010
562467
281106
504840
311586
610721
540513
432755
158251
598308
538396
984029
349636
695154
679643
857536
256987
209397
995190
412239
448592
257512
429689
39646
817229
492883
23132
995496
252641
488662
835416
574480
443803
206530
708959
907370
668769
339115
835270
237342
683284
776302
179903
773021
713972
11715
483400
421628
937809
674768
701437
395872
187092
168931
644561
288308
174948
452567
528754
13147
815552
313335
29939
544303
28591
122163
131807
143033
566285
586345
135355
184384
197949
610321
518832
848213
543434
148159
288896
973221
948447
947057
978004
328679
769867
858228
585644
222050
241674
140771
556023
71336
743166
114225
30691
847579
378619
417157
82944
534992
90216
969816
203979
890541
144010
405834
946206
421813
171954
596065
721075
529192
919240
543178
76685
763503
961540
864898
858152
243925
954031
273162
558559
647289
343762
77450
652651
227896
621758
846945
694909
829565
503399
450970
655493
14158
982064
281618
457248
146449
236445
83941
403319
74600
101918
124208
616211
291757
142673
150717
760335
977856
21881
134824
14083
4324
30182
482370
730811
76445
158932
601282
224985
311362
308092
507007
861200
129310
472312
92303
772481
931100
998073
188714
234593
833952
308163
650956
151653
259466
364871
106802
50765
907924
653736
864992
168204
382209
538090
639523
238662
335512
253069
594965
573929
503680
36966
609226
873106
676871
70762
839053
252119
170853
383389
181772
491582
892424
319313
726714
867394
303951
867834
584903
30663
939132
309108
226832
539894
795908
167277
189129
260112
44672
960238
904596
86562
83885
613183
182884
192490
765430
484284
654314
440553
577591
395822
102964
915613
885360
551382
292211
867651
15385
339582
6502
605391
459960
362524
758922
635889
843609
948662
634339
208039
63306
391515
685801
8670
336247
796957
657781
329489
937016
937975
112202
764275
875849
947011
489596
34127
461593
864885
340541
643726
204334
977422
159090
766230
124398
621448
133272
755011
439881
955101
94437
471416
679855
348054
198239
671541
732998
435524
969736
486398
663738
296962
888482
399486
788911
239148
159941
408817
808518
213546
147269
571037
66782
712760
108282
665145
154972
303245
115841
641536
881246
799906
838555
709542
333598
417604
568115
824765
492208
431011
638658
254258
249818
968264
506557
62499
270563
643076
362358
996610
220711
751871
747361
588208
233294
978627
75309
524844
543329
98040
693410
675125
815122
773447
603864
546282
876242
342692
347808
229738
247389
873490
312092
297776
497238
996480
63866
616594
60392
334196
82970
629663
922076
655770
371138
196221
425825
359140
154964
664736
396375
942925
342929
166818
175364
607645
287779
115276
980189
521595
366472
227762
608886
459408
359786
221279
458104
546272
259622
123324
214469
747037
530156
257157
698130
97879
380280
547316
818700
314444
600933
404101
381510
800488
691284
325369
340880
203024
26581
118147
348344
100812
185862
259386
642207
537356
151108
695611
666236
454791
59037
591898
3550
326832
360588
162660
97961
752244
214880
752373
7826
615978
625490
669511
412814
336912
240549
466776
677043
701180
495945
19031
692265
218743
221588
296533
311945
775254
663920
457475
679847
669925
810603
310580
404260
478359
211019
17764
593452
954704
180443
23544
417582
467470
425314
221061
847460
365373
382776
338294
733255
400131
242159
931230
743099
452015
129562
870049
350618
230785
499638
98717
318595
516736
327311
172031
849823
621201
100523
146418
593076
110612
384396
4770
110254
119070
37879
178212
565609
779452
36635
352582
288646
588529
108220
812108
666466
870506
98592
200355
901644
319760
378460
634830
167010
276507
73199
878845
655595
725782
555292
926740
27856
204757
780702
61724
195677
931112
6199
990980
4477
90034
631111
950809
668188
872023
623709
418164
472861
740384
54611
992816
106343
471551
793517
509747
465594
338297
274031
938520
463240
160822
357902
382128
876793
706415
465093
845735
167118
827412
202882
427639
427064
299543
316706
301152
205833
980565
147948
638229
289608
778996
798085
219258
291886
379824
238564
724332
478833
708666
509514
895059
821242
202220
390459
801207
237165
824670
364038
986161
43412
730980
138230
87341
833660
318343
126541
797925
830462
896302
310157
911794
916188
572630
689976
462503
326807
723906
940332
239311
216753
639358
974837
340685
107053
151104
52845
941918
360725
52576
995705
383492
201009
969781
58877
306967
350200
930327
818996
815128
895077
190450
232157
447729
74182
157279
103870
904770
205412
932862
946261
701945
371720
450459
748890
665672
418010
718239
456039
656947
268794
257194
31337
540518
379446
528198
400038
339140
520407
806168
745704
65650
454338
149927
664440
533011
272187
946826
276317
170557
46847
367317
218398
897331
439430
810589
461620
36599
170276
453896
652911
407453
291461
503042
383492
361174
795519
586699
964786
10792
379667
376219
153788
274906
468632
40981
751533
770942
292101
41864
34046
349860
630439
262380
298398
57648
147506
124282
184459
513266
177472
617601
444208
915020
161505
166382
507796
465396
792420
898836
321067
129718
379575
346817
675011
548258
833899
747385
984331
513308
375145
479459
253739
477108
169307
397452
647429
866958
164343
566184
404908
340071
256581
971129
218397
355936
382413
914562
442264
335186
941763
103805
583299
370983
54954
999681
800801
823502
673815
857902
276521
326930
886117
201255
89166
432381
197935
910490
692260
710152
925586
491391
319660
974402
920239
486896
350945
18318
112306
951293
792898
937739
679097
77120
412227
673528
760753
304114
601462
12881
733365
581016
590578
270689
103059
426682
871775
107216
191431
429540
379283
688211
419062
825508
929880
43237
730429
603786
489486
957796
421124
115598
912911
55246
374124
293368
278622
227131
315721
270725
617525
731746
645112
3801
317356
980013
195352
238429
418467
451690
80648
677400
969172
644969
619059
954943
145162
10950
298136
849349
263791
75245
635318
162143
743471
887293
278583
196355
885777
364557
578492
970763
521058
499297
496611
32931
587102
963543
304080
537874
836805
630602
171441
346384
949472
404036
850534
877781
427710
710971
155253
435902
560026
318348
563181
868101
895666
565642
228812
961240
142658
37438
455081
282460
828644
861512
355273
607235
196950
535079
20960
620004
193487
351108
115829
620480
603316
434846
723301
636105
953191
763964
861497
680016
178673
348315
189064
228247
8557
100943
185551
987728
655328
372364
302122
174079
331629
589749
477426
601426
43870
300770
574016
926941
709382
377141
460875
858533
66943
146254
276340
283532
50123
172953
70032
2672
702917
311530
765921
306536
106351
335581
159074
174264
951485
99433
846817
761575
220238
134419
838013
352894
723491
973198
635669
360846
613434
893885
958059
883997
592564
176889
758032
222739
110542
698384
495655
390427
987330
88226
724983
304079
962490
417751
775305
181691
662779
425910
184953
29017
518591
282684
834092
476056
287940
196516
855130
295548
528036
564924
542854
699630
215474
973745
601070
263956
103869
105210
119719
410875
377423
501771
252651
914342
962352
3259
276146
658820
749508
858710
909637
555019
898700
798788
206442
797993
722225
720934
594503
928528
573781
128656
348141
989329
634444
153027
468765
708328
212812
427023
971711
663695
450630
931178
606566
835929
844000
735011
548116
790315
237713
54565
815158
747746
200558
512162
316972
189896
923606
58359
167793
674557
32986
252069
296831
380386
577516
243227
230070
389501
263843
410655
46553
438368
771842
901813
998785
305135
61918
829295
55346
659653
373988
347466
55653
948541
876204
740017
57284
722063
380872
944050
791355
590184
665725
101636
860253
884553
762788
801404
139450
942166
868680
457918
228412
379159
229549
50689
628061
104702
848104
633602
793352
783791
958961
497116
896941
721674
799486
87720
572617
741210
883468
607530
191316
363964
293738
461216
483188
171260
473721
143481
100804
98204
781252
837830
537881
270400
181396
7251
798274
241461
649614
893511
144242
770139
856560
445878
942200
983805
977923
365491
417722
408122
712541
64858
213492
301374
889408
784957
809109
782403
601082
766035
128082
621912
263345
719060
649384
662007
689197
658689
659666
856325
451721
48739
911281
957157
755678
787046
414837
612511
366045
928935
427178
869562
539745
687458
619318
37594
627506
725660
555917
754425
749519
59952
162661
898363
794168
228772
882654
63801
465873
497770
980291
689042
714002
593402
80956
599601
651541
233715
672414
457785
176020
695337
73360
587589
315144
701807
40500
734368
278477
350983
846397
314541
782383
90079
533538
489925
943656
424534
779464
944725
588544
225767
589325
678870
176853
424242
793895
392693
292097
887641
114373
368536
647646
730786
92447
946809
20204
456456
326969
116201
691149
895548
90572
700301
42623
604208
275600
135271
686222
480875
985701
261767
55470
285381
776676
689378
549887
120686
820243
674851
47646
142367
128445
14950
192497
570197
825458
784411
805958
581904
921244
663174
607568
503204
711866
194591
506745
93890
462263
467748
485097
597476
972581
878890
310839
850715
254208
161891
824590
450285
233596
330660
516901
495091
361483
812452
253781
63889
360400
594197
922022
552850
358713
361232
662572
245366
433894
266253
520179
844037
656448
531246
730416
909271
342897
431601
444404
832711
406425
284653
658712
333921
791565
729876
95070
892161
127209
779917
494916
714048
815233
25223
614856
274033
333432
503883
975069
383495
192842
152910
529556
714164
129225
17176
821201
386387
582832
939821
517661
679429
243063
914850
740389
310304
997765
706254
909242
154165
954046
566131
625485
105836
480104
452892
160671
843077
993061
635191
101784
163802
592073
445250
565124
216871
516412
47228
21331
114227
588133
276798
777924
280507
444731
391443
316196
725868
662010
719613
852886
332160
92239
497202
538468
396177
422884
358122
228398
769627
680189
570140
449943
215042
20077
994349
874980
773478
210934
685970
783279
20702
176052
737043
563004
488120
854961
427832
411276
61828
853666
335671
935975
97186
764314
857391
954555
472580
797204
160840
649692
30925
32231
980447
255434
897181
923368
586645
234118
823928
465360
504546
64851
341243
931414
295023
766529
562941
382944
770651
827058
795886
444119
251665
950055
863806
379309
125145
608908
11758
349380
569432
513178
885386
451033
612384
352913
25148
136382
531656
463156
395595
906577
856720
33571
193023
623265
308286
914424
88164
735077
697946
662022
67371
705844
850558
738368
922264
332855
613335
166717
578913
659980
749928
778135
583634
541987
418125
421974
375990
91443
603514
5106
574046
134376
771586
339900
543529
243007
810687
688216
240411
366418
680477
181492
783014
521524
606095
976171
418203
836079
725569
219201
921374
664706
44809
810073
379700
480413
6078
790976
217755
557525
973072
870569
821107
511156
77332
689450
87879
213346
428833
506841
930080
668633
75202
804862
902583
393464
100808
439830
56993
881159
907637
434511
716665
533758
416505
812176
828896
911497
484479
963133
851131
329411
318581
46918
431856
366303
349200
222826
596676
451383
179273
776879
62091
260640
842306
364266
64891
41516
507005
84173
631357
902506
684898
624716
412490
645391
294970
143406
127107
314243
839692
857096
442377
78214
56261
691237
479079
356192
118372
19644
218141
97449
253900
657021
754838
799368
170928
695120
889178
559692
831727
73180
129169
915833
904685
449424
659049
570719
966852
139899
82242
733282
238566
171652
27428
92419
942584
493753
9138
52151
838403
100515
172092
995792
443683
584267
119107
975301
8559
626670
153694
175000
699329
486377
112419
102521
272490
990030
586958
713298
385099
731830
568394
217519
448923
16720
147298
522427
352275
330038
474526
260699
680766
127454
912706
160519
240759
806898
30746
5817
821463
412957
860234
439981
645233
879309
907288
991118
154177
416469
985889
278130
2541
577672
401235
908645
235616
486093
393902
774123
211908
151946
642654
595811
322569
665669
477772
271168
268417
117258
273742
84328
426007
705301
603070
631322
498004
465440
742600
842109
724546
389077
28694
360168
229762
120653
411615
2994
163825
888798
313185
168845
439455
99294
499276
975076
963695
200527
788788
1047
127674
259015
929797
738911
434033
982234
527703
124025
540272
982501
162417
627960
19014
951235
283044
973915
440163
254483
859233
496024
989596
623269
65616
167252
79718
675104
560481
636869
540749
133102
851783
693003
565466
326901
79057
648312
143945
398278
100916
94979
896310
561085
508782
57798
583227
669782
496456
990761
461665
370487
254702
673350
371213
330160
996927
14452
238221
48274
792266
409427
251307
383836
199546
912519
624390
574333
752522
677819
610596
20243
265694
569070
134632
670143
887631
487592
683867
136983
910529
980878
427892
361560
650264
142370
708720
749454
425235
932296
362242
793094
641213
867146
168709
508423
871533
529910
623961
181321
554583
970768
229477
697873
264613
241728
286797
22956
47033
553317
733550
666555
390757
457672
906199
529091
147605
851080
913658
540687
678604
43466
986088
96874
345003
566567
384069
991395
493942
817258
383204
163733
213072
806728
390396
909453
11908
952112
772081
46524
601470
654029
181288
709916
261042
561893
885387
857527
160935
849189
340134
76429
977321
544881
853789
514469
689683
516108
411212
37801
680943
697377
996248
693032
772176
339203
871620
735914
855901
382662
482619
362026
494221
554673
341202
910220
802406
375522
883474
631806
329196
16831
149611
518302
766425
395634
976033
690984
501687
243797
486914
675863
610102
568621
241270
687119
39326
171200
881105
123864
252042
187826
264440
24600
996029
163653
365817
565783
696772
901666
964143
815393
175192
918437
451129
76078
34637
395847
146753
907105
696193
5011
346695
283781
741336
450969
414232
435021
558830
377452
18495
167057
257366
68549
906114
818034
419768
424368
562071
640041
154728
966930
206533
565185
622040
372100
470774
116683
641152
913148
892074
834512
817223
521703
971051
648994
581751
942334
387643
867252
585161
392454
360923
121897
454946
306373
134747
338376
472714
358983
578741
216795
325150
483357
649113
944545
721275
605645
717288
123853
560941
868129
66103
355553
715004
784233
746238
720235
34473
110186
479873
686979
186492
630163
390774
511127
535837
520466
767274
542501
788097
395524
489809
450752
997524
468801
143390
66234
138913
201780
173578
165497
122447
355021
432499
28205
819650
710168
730939
495166
123825
140990
412699
514632
587053
479926
258026
100276
294515
794325
711663
167887
607776
64092
899619
458776
258373
196671
711431
532225
193968
238107
953903
608092
444440
11058
43364
101709
978599
663141
799681
943309
936420
649434
892760
39493
162085
955354
374003
250510
471553
960763
814882
455811
730681
92246
976382
224912
268116
424865
138781
476222
510251
125384
322083
854718
928507
745400
38405
312404
982524
901777
220183
841693
342294
836040
811277
912557
296652
311822
63475
320643
902360
962051
209504
946127
34438
197683
204535
903010
454505
592464
379400
460854
754597
184289
908684
620348
972917
500784
213854
477720
217510
188963
379539
898028
695763
363715
450092
211377
598744
779490
530367
177365
454143
424443
445491
837327
783439
965239
561579
741400
670050
589040
826466
624040
663026
585512
97879
131982
573875
624260
831907
883180
483300
277730
414778
985704
35311
755447
579083
666581
242647
721762
143606
989275
41771
488774
253134
231345
524952
609466
786418
137650
353859
67584
294063
417929
660026
882105
555724
261932
565981
663523
780555
905194
54882
868577
973241
430625
293701
718548
971199
544616
970752
909816
823610
347439
491289
247575
225134
197181
559471
71873
663042
998969
525330
548942
336327
769984
446236
296280
140682
680579
593420
232253
1100
118307
236313
259558
443544
329222
122805
396288
215086
171417
173715
769723
979786
665420
54131
439978
570251
473609
786518
314342
530484
739712
909678
396120
214055
694532
513778
952629
246705
198256
684935
20392
188588
698405
2580
201007
442691
122004
496089
836097
297921
183800
740670
57929
737638
659625
842180
90659
962770
85385
411256
127804
363042
732536
239996
473120
496865
815278
236719
811875
150462
408792
100489
679900
741422
811153
558334
476741
828077
120190
567168
516728
159881
690431
307626
246156
117746
705490
701734
997434
711225
742113
262284
416362
666920
845641
533660
380944
222161
990285
363015
677318
251447
874094
840913
389108
242420
556554
243384
630133
762860
781467
728946
500430
393770
665857
329576
253777
804950
870701
173333
928204
274529
309429
741679
748400
986302
289153
587172
377098
749194
962650
595415
429226
216749
459593
192485
52472
866876
482639
356925
251486
799427
825954
449318
208951
449254
156653
808683
573886
281381
252948
124805
79351
704284
694338
170490
606166
37532
647781
909178
561003
769588
735788
523555
182037
891876
652889
427317
241045
228574
946834
539796
728776
407677
587238
495384
678087
293666
379163
812449
724675
155148
404706
567609
281216
154885
609415
657603
293723
78218
383427
403262
96798
935520
652595
697109
18771
712849
280167
310670
992823
512314
67271
383948
630770
729418
933181
384994
917375
668477
646005
956678
578813
938356
399729
522377
310358
6815
392622
436225
977426
634076
26972
860771
293881
41199
885440
983927
116783
763343
776445
704306
455939
478635
402083
29629
835924
197629
392963
674473
910074
951525
984800
328647
868811
611474
27146
776861
426464
574136
708050
64999
17292
394135
17373
185212
659681
803998
846170
60719
728230
797677
290711
14052
365410
839220
405918
323749
843013
774690
119414
912376
193950
853890
712320
693623
959215
955208
697470
76645
236099
75536
621889
434776
605847
555479
744603
3199
244709
135822
658157
490564
767206
743474
254366
44292
40021
939711
909302
293174
129606
869325
407496
184893
358382
419552
365489
599426
481834
811294
674488
489766
370505
90274
209454
600899
579312
899701
104025
645736
110820
453379
60227
240003
173100
607813
914744
56949
881708
797412
728620
128718
666656
520788
772052
908957
655613
862274
289425
434729
686030
607582
48085
859832
954661
386531
438777
225414
680492
74434
244682
964703
678706
100086
89296
501083
680595
761633
629288
912909
368879
291856
277412
311611
775232
31255
41853
489089
776972
404456
842295
903340
915635
645341
237006
241344
713912
314463
872874
501692
297849
592853
245524
879319
94769
398373
933004
3145
271787
938837
290034
256625
712673
512734
936339
958170
576827
19552
663239
658878
64068
893818
95204
233875
70459
792493
803968
167970
151307
324818
965151
325294
368126
141586
73657
795212
104291
182791
123720
425722
592225
9482
821700
91615
825302
844564
487985
204085
310954
114926
795150
986066
133735
295775
596354
109121
384248
972728
145164
574442
303925
429439
853180
147518
235237
361773
549858
261700
263442
20845
962290
711572
553577
867116
806318
434534
536431
735590
124582
208545
298536
213510
403981
607795
634548
429438
640147
822776
605978
374150
735792
993755
300793
489044
275509
417978
625646
548227
298241
805298
691121
496409
315170
324832
647238
304514
980257
662151
879510
8914
442619
115484
515817
5077
85138
591775
386592
377640
29700
722366
995208
894191
826001
288303
868548
804053
917824
202067
24499
122519
348597
607679
585844
912870
347698
828031
307870
371155
633743
125219
485962
240813
797314
341925
398922
745383
910792
191405
803116
541557
425692
679015
300182
784233
906310
236396
413660
382086
932841
552654
943107
927000
499270
542841
454242
920026
634619
180386
823396
220062
867852
588557
745070
21430
187777
527973
39140
898336
703120
459917
273448
586264
361992
526468
107964
821091
139404
230720
207983
480221
745890
849113
599539
536978
280112
749691
40518
245144
219505
514337
928268
195646
922016
501540
839538
691172
946347
227310
892446
604187
994574
397139
304132
252860
676342
388673
143471
790576
461657
288578
190474
10524
499971
213031
651875
71995
643558
591251
561737
734493
460553
298559
444699
999507
98493
271233
791469
691879
723451
138760
273499
97576
207873
360765
558250
876296
954285
519188
256842
15543
659541
551778
833007
618843
247183
988816
478075
572458
978017
773976
33148
67125
377303
15353
720838
284143
864938
532578
502664
800934
409943
970303
308900
847723
886111
782538
902900
878867
106631
840418
598908
244755
174942
396585
28174
576419
733757
999451
861076
194712
627018
830297
382244
837106
243985
484851
739240
269833
786298
97128
30446
121032
951874
564306
53749
811534
859150
829986
780006
148833
190103
499797
870796
992881
180225
665940
318350
839000
842133
547753
593714
742396
76547
923549
816483
21894
556916
947523
646544
602560
293681
710639
298587
967521
151826
760312
73897
198244
136660
40995
242588
993192
888388
955241
632796
55849
724527
322434
460492
273807
152135
143281
77838
507678
60574
364764
76215
242151
497801
719863
497066
171530
785502
570052
744260
4367
366257
350088
741007
897789
656056
524701
787034
984387
888553
726866
686061
274593
858677
420786
897930
691364
703731
380458
284786
357551
529868
186826
503639
60293
36915
506136
675919
108669
798169
251596
788997
143286
402270
6427
400277
974063
55212
914209
453535
558876
260023
879628
555704
416318
461176
516864
250816
165293
544491
257778
352314
112250
82475
28831
346429
79603
205403
288012
460083
6741
575744
609547
521443
698204
198021
841883
6708
744224
254306
850820
330627
757740
484887
345195
252840
177045
229274
307385
403800
520609
215256
771312
539966
223376
66772
404392
601758
727169
852764
588506
740735
429283
635722
298497
490509
390179
227819
98112
967667
957174
960414
379743
666803
165779
197907
396960
443405
168218
920423
527467
131030
392156
469080
31108
693738
939516
705299
809584
466245
500637
701638
448738
215332
880117
923239
246705
517220
93092
36021
60202
109165
94883
317507
545460
309846
814857
145591
782632
703487
42794
974983
965283
451561
966197
578308
360697
208186
995566
914769
433946
140002
837857
152320
638465
978449
491719
393306
910336
742588
71113
362994
49163
585969
907910
389779
214791
460680
86398
994601
675194
77243
959934
779680
857821
87490
554089
795686
934456
34453
189395
881302
726787
115621
971325
895656
613165
14095
830595
320002
651276
783247
54664
387661
989174
261966
662809
536401
883232
655831
308424
121989
882817
624882
199402
107523
650282
129008
351571
910513
671243
985379
678324
648564
525299
693949
252167
634844
151395
597438
108297
240267
808774
989163
101957
209169
255306
347822
421415
908104
84741
844264
482500
4818
744243
244985
710751
970635
729381
968517
215123
670326
905676
498904
287965
505906
693336
71858
393432
440289
587279
848511
946495
868886
323742
539301
751287
180836
486255
689984
568023
305125
893888
253005
894716
707147
678746
20415
854269
613357
617878
246022
680129
982033
465876
183024
94492
973236
655619
953242
898391
168135
607715
229803
535950
170483
68665
364522
887725
568429
933127
852855
931626
37188
665513
679289
25811
904077
9402
113871
326278
494921
662224
275651
769929
166535
693053
717314
188539
819135
332885
930405
67671
15988
490435
28226
526870
909442
626389
184716
898334
2480
212525
371475
113023
251220
213869
906138
570320
460520
765223
169807
67174
974731
114949
847198
810002
911038
176631
315389
717501
109698
646742
329507
585878
274566
845475
413796
491797
584745
718022
132698
293829
907630
347163
547649
380705
334975
728795
693826
883053
655965
794637
977321
703209
754966
90349
661132
271318
76475
131077
291478
640963
498824
980552
303317
490152
763165
639500
208592
995827
764691
118895
783829
661596
694875
892567
594664
439347
475314
399733
390227
899661
561459
580168
148763
723640
50032
156992
678083
295571
420416
353675
686552
284440
125624
914903
521445
693590
524755
708652
142648
928723
994896
61283
188440
526473
328566
360220
407370
966525
134256
141488
241267
396417
929636
120068
737526
755794
642944
975528
750062
327916
319481
237169
209176
5044
457902
820669
877927
28039
887519
918655
366836
118438
598141
466352
310714
617055
526512
681708
691208
451606
303503
215353
87896
139743
468047
227850
7850
350902
226907
444272
183038
479067
235470
348199
816399
877586
59736
381954
843915
588814
239409
319253
267568
830252
200070
838187
638917
282535
632828
436323
921712
165485
988714
743119
42667
725568
631890
491486
475159
294782
747831
670185
69842
296767
342716
31410
74995
308266
335234
156562
19039
735019
135827
273767
281921
839333
683583
923708
191990
692974
584410
740987
479595
291429
884272
899826
542425
138716
516534
392959
369735
609882
780188
630951
162192
303269
149816
921027
499440
279312
532843
49360
845350
513083
558994
150940
471240
925009
938703
774322
36027
55644
703464
833160
616402
306711
599408
863403
720354
110856
358036
268964
645856
508844
661148
74265
196888
413992
428230
155177
947582
308748
991520
987482
740499
517376
300009
39689
236283
72808
158193
815792
505740
397781
215706
440623
632859
405043
895483
380212
162840
887571
365725
425088
800708
961089
446413
339686
947614
413112
620191
61675
84681
850302
792987
433993
734125
497451
722471
507990
665331
795128
559502
967923
443875
623796
849809
636739
97053
606828
357948
898469
106655
841698
419339
378802
501662
723201
206302
832841
578927
726704
656629
288702
328454
113026
651135
53843
816320
607168
571273
893152
891351
448605
743672
361274
509543
194744
91049
878354
845225
103748
910109
391089
942555
153925
642575
712172
599636
24122
991134
550797
88834
19706
541355
339821
40882
730498
824124
678284
869085
246657
453747
635176
177621
522857
817162
436576
148950
335043
587594
472327
544979
86298
807675
148230
103964
986348
281335
978359
366593
460541
152973
658367
602001
257181
406325
888320
429099
960924
232350
866425
995076
974816
805575
544100
597159
436486
885308
91961
444934
541299
899192
598892
774650
270589
815675
84604
707071
532466
465039
335365
617446
1097
98599
875738
933658
47978
321429
369660
602017
271715
130888
802703
839464
483958
796945
232918
971408
404672
165695
766524
243547
445822
612839
354869
196771
202422
260722
806181
857922
34530
26628
187281
666873
141945
464981
379140
224283
425032
914182
183041
18123
933197
413962
585659
358952
988992
924636
876457
953968
35559
731371
445626
684152
133816
782474
467242
141302
991133
996864
4324
136289
69688
124382
397176
509399
53437
933192
305557
468245
380071
216595
81601
493561
530789
182416
262400
720523
970929
43094
96846
145045
784741
675487
573416
41363
409415
424345
783980
932117
329871
510529
963934
194665
596249
616067
469225
304973
1748
906644
618501
28366
458593
487222
977082
521028
967118
428974
113737
623892
512685
861260
816491
920652
939098
605090
398482
960754
392119
972779
255879
935255
45623
244726
974177
471461
928589
860379
56088
523041
586867
131206
547747
925164
819345
134338
134708
156619
216037
413143
11075
267893
456925
39912
32076
212430
585489
200090
578358
751422
564574
339825
923389
700602
261391
340248
998481
975905
82886
232713
582965
208298
653434
326180
320588
470540
733217
638978
316571
729705
644173
912648
951875
691263
715320
392523
787683
541055
810056
593146
578804
481747
271766
938758
506472
597656
658226
527879
110923
429927
66450
621071
689513
547551
266919
703691
481865
247614
565709
908027
170588
714594
995116
329540
496024
638876
488727
494271
838496
660407
700087
962532
922953
302466
149757
956318
895368
888958
842569
690359
978186
141575
991861
641219
235202
294628
49942
324840
933151
588647
948934
844503
713043
79591
319559
368256
894952
52088
63881
565171
174870
96412
671856
117908
272718
277525
56170
721720
739828
351313
866470
392622
209043
171850
848100
933361
979542
533527
668493
984805
380929
534070
840225
70271
92756
964458
761441
593220
517807
294583
4378
515058
102992
586117
158936
97849
65132
174179
664019
873316
20014
198391
923004
81300
236720
279881
228123
305771
917569
365173
823619
432564
478893
88725
431964
105808
922477
635421
192017
963910
753596
312949
10686
542585
541742
671950
894652
373859
354371
651659
374358
500409
79742
27273
762519
881043
370940
438910
611316
156961
649497
607346
961866
78584
224234
141689
491680
262566
642611
671408
541232
456377
827322
645287
96076
769660
935428
848533
315647
336279
312598
127883
491878
872424
268592
747389
583508
886014
880270
799648
919017
974092
402996
339407
816734
623952
872882
261114
337775
691120
640061
946824
106948
356195
758206
270259
304423
779661
791691
823116
90456
585661
954757
957031
955102
261023
888360
492947
679688
727106
156482
853345
130012
306204
321278
736534
391482
965519
391120
133816
771903
864053
543903
954394
422191
931334
281563
886951
716373
914407
965274
416759
838678
959660
955276
830837
37852
780253
232424
956823
194104
235975
387467
59794
353983
572676
553296
157868
386223
546145
839643
307562
553430
545082
182164
916970
498518
338406
74521
233885
781439
354207
697833
82825
377263
5202
602687
608721
593455
937319
930993
33644
10160
830639
249989
189188
788669
100275
818158
979809
323649
309333
415646
381186
555806
322351
899908
465977
468508
387215
989865
458649
183449
824558
665647
364281
575174
231610
283602
193932
818929
523249
781866
828394
792919
390663
446396
54726
926274
901209
839190
436762
32710
422484
175396
643458
59866
276644
150914
17359
591053
248749
441523
5258
50271
822946
505695
787373
329486
69740
51907
185082
797194
813300
124952
299344
22928
712593
616896
316850
226622
565723
325667
581075
436393
142051
374225
387470
304004
823981
496497
909201
325840
26361
779623
78812
485441
68977
662832
529074
254849
719097
841637
903952
463798
425489
985509
694001
95057
841054
153696
390104
730430
766086
990790
260784
42648
163102
563705
600575
88227
497525
438794
160382
406047
469758
831348
940228
923201
395804
520050
573910
55993
566682
107103
254754
513416
268418
646740
105490
976929
254695
627809
775184
689752
411286
816355
335913
436889
650343
119131
133458
749101
298563
96301
663986
682625
283605
542289
754198
373281
376077
821163
974486
466303
559832
92128
302170
538912
312692
356654
962706
634182
747880
625113
205570
430178
555949
463252
982076
724929
469638
177393
604338
73469
862400
218791
992977
841821
468917
720678
551089
111370
911125
232645
716759
773583
998797
868321
863427
328704
783536
673382
747999
502653
828071
910343
688813
222313
298935
733644
313377
325680
680182
779015
742273
396305
627226
648798
994299
542103
953383
809904
823869
294243
543679
203383
269403
798219
670331
648150
277281
810078
112293
5191
41348
115045
706424
552114
157881
734052
157917
253774
533280
325263
14784
748104
869903
193504
705443
16119
931971
224134
140704
880094
396305
931998
277000
743636
897188
473228
265765
786803
796912
199088
174435
871937
507273
468245
861902
17081
788270
334267
639779
935264
296337
238657
727526
48492
818832
410079
706497
465711
84719
281796
918543
826636
318306
654080
897960
540677
808299
16377
342477
282639
587861
348952
949962
572422
259679
954784
723510
318277
29975
563835
522435
339297
925225
526967
538981
934242
499040
722889
881925
960146
864474
957989
845307
932660
563205
705393
589915
703722
351024
577899
955745
205114
938768
2512
757224
842963
133311
830402
223309
23386
19291
72209
668206
11816
280684
529055
3445
652276
785470
391506
241148
71535
543826
184907
848038
682627
578815
803138
374143
796795
123033
186711
428592
296326
737498
878395
556006
54608
314396
980713
659211
690970
364746
521746
635782
94432
852484
207897
546458
923542
782464
222038
133346
182489
463417
282924
645391
191638
98903
873938
141627
196965
607362
717113
56501
481323
728645
653287
29730
34287
537420
959800
580713
662175
801894
416901
914586
908840
929760
219149
618931
249739
566248
67061
654908
722397
773188
840989
587942
583307
940518
922808
277731
948688
264068
745478
94030
814138
681301
397259
874705
767851
688754
849229
963333
850050
740110
830580
630299
569785
764102
567919
450128
305971
33031
882163
704538
739049
137373
37572
446626
818903
954679
428527
254638
162851
349698
966478
575426
424748
898385
789747
337395
963598
359678
18600
700881
789918
955315
749215
511464
73525
860722
225259
870145
995280
325249
92734
373235
848171
614991
348920
481375
642905
624224
897280
70313
806223
547066
882597
41093
80746
624311
489731
44586
793172
465294
907137
333767
590913
414389
289083
286338
815484
296790
85246
791494
441362
703374
876084
604877
231493
497612
482082
336803
509797
213944
895454
607657
163148
741157
628054
70347
852068
456578
414509
816456
864230
90863
222940
588112
835879
107935
638375
322801
811012
311352
211081
944651
498875
774803
277461
985389
837526
153501
523773
978294
345975
501282
648738
810885
895163
662366
438646
394810
284966
279403
593598
572287
902923
227258
74097
300185
42568
843648
385597
846769
788203
717611
218239
986340
249728
774448
13857
143814
516983
812808
751690
55083
26929
116226
853968
481558
906313
96540
386782
20587
96391
220780
968393
542044
939934
763415
602268
76253
96678
850303
374075
562416
934634
362868
71326
126570
876030
640449
419933
244403
406399
54290
487077
613679
893803
778579
381302
521370
528118
424961
946765
675385
590823
511207
699370
399117
866599
213082
953401
312079
36983
508777
31852
134857
555876
18799
862267
769126
50951
342936
214661
784850
130720
560073
855260
676143
811586
337403
251789
365394
747457
320573
594954
27710
28982
83922
653321
229978
954655
346430
951005
520164
887430
216994
643195
457946
897005
56136
324959
775212
357143
531844
606338
650683
463454
687791
388117
292319
882632
454131
358763
815338
947614
236912
76517
989904
376751
214290
571549
784814
856829
139796
160488
391650
626715
876683
580338
878634
893062
888048
153937
499171
789843
329980
207755
156575
911899
400520
505565
870656
991088
58746
869169
289384
94048
786446
170403
520511
51850
803567
651700
591596
696978
882975
549539
210972
472393
765624
160106
976738
485806
514932
414187
116467
349115
489910
989050
496338
798163
739472
912808
282048
465671
990728
966968
170023
947016
518561
784807
63444
207651
285661
164495
557366
568528
577673
321370
469569
693272
243473
94998
703080
360797
371252
415716
807312
275442
955643
325789
207723
970437
179743
506069
718503
374160
127439
711029
298079
439106
498945
990092
409348
87507
559969
926805
423915
461571
678694
281674
479461
653566
268691
482495
850167
833783
102329
124003
326852
983295
744939
259361
742499
65376
680211
137664
958522
410337
654096
449342
269128
782202
958116
752294
673676
863587
633551
170636
781444
16304
341600
950080
990528
423329
36812
894132
640391
499479
773183
76753
708343
190051
152324
357119
883052
602103
707080
727840
95895
601417
641872
428689
915816
181199
498639
443420
79085
721672
547535
593657
707332
851161
117765
401318
502614
221645
422281
474903
444889
962208
369252
657244
476243
137953
911108
143332
396328
668691
93429
936891
619852
370642
6138
354441
517909
75773
895717
794244
523171
214221
264336
808568
599388
90242
65837
291051
430040
728009
736661
372266
929013
102996
72532
973182
466137
343970
993886
110302
924987
437169
785974
55089
253295
906337
655942
926756
850050
729279
724004
431777
119785
880582
930126
409861
948979
370367
453982
463389
162752
185432
727823
752172
206347
219089
558209
672529
464726
16042
356489
576001
634378
360234
959215
62026
398538
272743
575688
910595
645549
788882
404727
36512
631496
439940
847045
840172
892432
159749
272447
825559
135028
999686
858935
365555
439299
513827
814206
652195
325158
527733
127461
662673
478905
893999
663418
346329
298991
319206
849607
954835
936156
494736
309796
586932
433664
786475
717183
647867
673993
259558
320347
446873
36432
824373
736200
870422
419702
694982
386848
395405
490465
306014
181006
793083
602580
134512
610712
396999
721256
481910
969998
253844
22922
553790
35448
106843
612121
574464
370691
352297
411330
406446
12439
251412
500531
348969
81522
446853
842218
266610
933287
182619
420065
440420
549875
83312
264253
533852
937109
467687
907490
689944
372271
210118
207116
318010
234085
369680
253740
238132
896626
983555
303349
561652
914110
863186
999096
620029
627459
457128
28184
319398
974340
966623
401208
206823
620652
140443
764258
890038
373883
867205
955749
456879
335783
3944
144908
341324
345969
343173
464859
133358
300088
156841
410487
319399
814392
300190
56546
110834
555224
589804
924456
289853
173595
989543
35456
619506
595254
24165
793781
475862
437967
615217
78623
768879
852494
388233
512095
724817
796343
570638
983463
665605
44761
79423
782024
442703
134597
332758
517800
927757
896559
977421
307237
743287
851185
424292
665700
858610
86445
191253
116722
715381
896107
1497
495840
54431
891191
624251
690199
486744
991272
757751
156909
752702
449086
177551
110820
407383
445661
37086
720224
493961
792775
813970
284875
14259
690552
151126
901367
238638
727259
74842
589366
789600
89184
687164
846699
630641
118167
262332
15758
463755
989232
770183
991237
915325
722782
895551
316206
45489
669051
630871
535569
28638
464389
443430
517796
767666
752784
685637
640567
222478
81032
595205
273872
576614
575590
594107
394818
878421
718036
700335
4927
619092
452599
942383
444060
739456
752264
421207
909922
617456
924882
388111
407702
455799
897603
720020
693005
211875
312554
152530
6940
52699
869768
930983
313376
26335
664319
99726
411523
138562
950672
890373
814215
204982
118678
279348
269573
584764
889130
270182
885563
753699
146721
13134
148204
23370
417649
238006
874306
454182
863940
306146
29887
39818
858739
583461
463909
450650
289204
57240
20388
157937
868181
401487
280669
860872
448428
300772
742045
943430
404974
504007
247171
638250
718728
454810
278194
825809
567799
622343
353737
418224
361841
474877
646989
194561
6498
617879
261611
667367
141463
367621
919335
833437
775555
623604
357860
908870
268697
732982
355143
385812
741256
133254
587549
635731
920996
742175
528686
852310
462534
769626
652379
165107
180811
616729
813879
372125
834585
221350
800238
107017
20259
17234
687398
614742
312255
373552
451204
668628
952307
928586
59072
708525
694079
30974
551236
108975
307232
6032
334101
225410
388166
138935
149794
202744
655969
529598
535727
503317
160292
84203
768989
698508
812325
436085
819619
803824
833021
276294
261015
291166
48445
504838
985308
100378
737495
453692
114263
464962
818875
339390
240838
747030
508453
739588
848782
833377
537864
89471
698293
393940
352976
92311
517999
651996
508832
294431
735572
355978
40191
186805
786563
671310
371363
586248
2787
699214
777033
53253
73755
466791
572675
835361
633457
885669
675449
621469
586695
699934
324101
828369
630292
998532
540537
806544
494502
256375
101142
993030
78611
135197
648258
361862
364169
395025
707696
611635
815670
944995
333592
683428
350293
904697
21692
552863
388674
948527
844726
668504
405136
845015
335662
655621
733718
339866
178514
589819
253906
761964
903880
326360
6041
453947
643246
341329
570375
30972
793287
432039
593201
753396
680137
268138
154004
902408
334990
866569
32158
915138
646959
561484
996988
365552
213082
815483
88016
47614
634646
14526
863078
381178
964487
925726
694426
761917
767871
56635
286917
129430
427752
2675
672805
954041
168205
476985
647302
323842
505335
347334
57608
675902
337100
619214
563330
428142
544429
185610
850847
198023
867508
294389
45525
806561
18603
976263
651181
461416
661949
850322
543842
132501
283383
14482
578762
473672
98775
835905
227385
9551
676144
546090
833907
890512
868187
848616
17870
191429
518147
58317
60415
884552
414229
845648
823577
124607
484464
53000
812021
326555
854925
541380
624169
359712
388308
342777
888430
984902
71215
756176
770063
936529
887239
861783
725479
698954
535279
61812
504657
368511
204480
986249
307918
871213
967887
50222
200392
977018
952122
673821
522518
780054
124434
652437
307856
645085
821729
599607
457748
784317
182684
791288
878545
331705
231665
32454
962986
697931
314635
601470
495455
549216
268494
118253
587100
626919
790239
88230
253845
486033
581504
137388
592063
654499
973025
350498
704103
162155
24635
281780
348436
575618
76838
565759
89877
210000
845249
457563
674485
864336
27924
692688
484894
490871
620283
742856
859842
509868
773089
283761
654004
564285
660276
413265
405132
438363
89944
436944
442222
568644
826325
179841
379712
984082
315722
157124
363488
916514
517754
389901
166846
882258
916452
507482
794513
283728
557618
915946
204630
228368
41583
331549
570478
209256
104747
617516
374889
826486
624755
518399
302671
365884
387839
179746
19376
680032
165824
472279
495858
202383
941746
513736
687593
121661
85754
900003
947045
464059
164418
1896
774082
895059
703327
55689
8074
213179
158283
662710
702990
721636
601729
866498
190680
683043
767386
783547
260383
185392
19816
652891
845337
502919
860160
488657
662531
536597
93904
324695
259734
575590
370196
579368
317944
90275
85833
993174
234330
904046
641332
924220
569195
661365
541274
871879
992901
757128
416201
925285
215880
173390
937556
437272
775178
25973
91791
161817
966350
571935
404324
979648
31907
41779
842868
696062
3465
177545
631254
998008
125996
841358
838689
283448
78168
352984
978375
767793
608810
393191
915200
499492
792344
252110
90661
595901
90966
711120
373251
261279
458601
524232
526197
695018
238823
230507
701209
26308
306870
895092
986621
945358
162960
30961
141371
279337
127623
873388
290761
451114
950755
69706
962035
720525
637244
474198
366741
54735
243649
354624
343812
157950
973018
251415
951612
552790
208556
281324
232868
861611
343012
812615
29577
133384
203807
38587
534502
584688
257741
234647
956623
944978
77607
624122
871585
984645
680606
921771
708379
276699
15297
807211
424891
44308
355808
354478
76513
757091
614702
598284
165437
86813
92626
139727
813019
388816
921467
245722
260386
247219
800197
675536
956916
86778
352419
635678
352593
507888
532158
909795
253041
827586
392265
708567
471296
128874
86384
54287
462616
195158
340475
553219
514640
62361
273956
12905
584091
400187
849806
102407
748430
948172
315812
410093
148156
856150
499688
291825
984875
344353
648590
917121
182279
508870
905564
887344
895729
346507
217019
910145
466264
823234
9795
237379
836714
636914
263149
561237
453432
657038
528606
76056
315665
99308
158525
789911
349048
750857
122410
446441
589861
161885
133050
897617
478049
745609
711688
994021
781085
253953
450381
845255
101513
508962
70377
280110
693045
462680
458153
333248
545421
205405
657920
994908
919579
780988
914910
386287
941190
949581
895815
979531
350572
54514
621347
103108
900817
478337
202923
557056
665592
895131
949014
710698
732957
511591
956642
329830
906153
22779
383992
32013
375597
317861
271711
117713
216982
819515
887581
584644
554002
21602
272786
954044
442217
843697
744920
38294
96231
593217
696837
390435
874082
825167
744081
269464
923126
694740
787448
610116
638969
39653
374236
451713
947062
7879
702113
66064
783430
712977
915849
364386
951437
138629
797884
828152
902066
910961
928605
43352
768070
412307
834243
171046
218007
466401
115059
863003
665017
312525
521795
867783
9127
821756
745838
664094
282910
69705
118288
295171
417964
523332
100863
721119
744409
140143
740961
895169
563204
98250
188594
849575
796613
156260
715303
69628
632772
151570
171739
644463
50249
95906
258146
858678
674324
776235
727930
147060
9796
264904
346467
664995
979576
982187
782727
3716
780232
452070
892189
232676
112709
782443
642346
490812
942369
818061
462164
155509
80171
805176
417230
75066
715833
717967
211223
971356
990543
14410
547568
636704
559297
10693
218424
418615
289913
97962
615785
50017
964319
563129
380627
395971
907315
434055
367858
821632
584106
323959
447334
895182
933324
687065
607908
700718
414658
508627
812770
118054
531165
216457
849574
478143
197738
293640
967207
881230
62135
719371
15989
632184
347296
918256
308736
19419
406646
9470
65161
362360
773378
34624
914194
463541
34164
431931
756363
161400
277560
288859
173120
176731
511881
48990
418311
896191
130431
356847
674699
263483
878118
654095
724454
739990
274976
563957
29454
699896
579717
80922
668811
817940
918963
292860
651361
140057
821793
277866
811585
21405
971054
246472
722143
31776
893267
609550
101087
631715
82918
685591
328754
694533
235360
666118
823929
27745
680777
698031
142563
843875
918552
407866
819964
616502
596287
196096
732769
416228
88349
171992
931372
189615
360532
307347
932189
911129
392430
50730
363575
37113
3950
18472
679079
588470
501646
66725
288316
294658
601781
774574
777631
589766
315176
907972
72417
442741
47094
332565
612298
769140
630387
597864
799720
665864
196089
923669
90642
621264
466939
791147
997896
747535
697923
107851
553431
711726
398280
600429
179451
214329
920115
729268
497242
813224
444377
993953
561833
190130
168670
874013
395934
130997
329888
626234
880546
827476
739137
464233
368711
797757
78835
21748
801039
883989
849067
294972
996618
704935
254857
999045
503389
864751
581590
104046
397053
261737
346154
219740
447624
578253
688359
667877
834433
620399
514021
718224
696439
448943
297472
796393
98349
797232
764774
295720
964942
612838
978861
875745
733855
159496
614045
181531
333408
88323
572451
245048
669672
128989
285359
768472
682200
633736
159319
225772
635749
702013
130959
686792
5838
756480
882647
643044
822606
791409
547912
482725
901311
820276
928760
713011
902190
619346
290279
243893
880196
876873
680946
158799
393779
693778
802113
54026
445791
767217
913608
322092
413088
602979
510572
381797
809647
359305
670049
967563
329131
684160
150709
544011
376432
46889
15544
171669
410547
418902
112144
694367
523341
821229
395246
34714
556745
585134
493184
816056
469895
412024
983761
216848
693740
943732
653708
639345
384864
294609
727173
150542
596319
258028
961018
765169
393295
712177
723340
718454
386696
517856
14606
753111
700737
607720
674333
602980
524698
840805
119986
622225
984715
988609
679467
474298
638704
492969
227966
171779
51193
465433
645857
485310
464877
672401
137615
183529
54820
63349
693347
637500
630865
855129
136447
790361
495365
357513
807821
122525
531685
820403
762556
799056
426049
56395
287458
503360
610229
807232
418271
156340
334601
16464
60933
146234
608154
844100
895251
362475
417986
161570
359271
390807
574462
23701
2517
735130
818547
482841
550079
565113
250614
704027
141339
401064
923548
153139
595940
704617
495866
269933
176987
586261
877643
596018
387979
286118
991729
809775
873539
424610
372514
592105
788184
963830
373273
34669
444430
619352
535099
41817
996515
155332
322330
500333
156231
913148
694671
268982
296321
296227
218616
977756
170877
84626
30460
913030
510573
887840
161987
825653
103801
275117
402431
760137
338981
512588
904928
815638
45298
706363
173008
70939
379141
197879
147105
364289
432246
386014
159625
979764
590235
512988
309762
426741
805285
727202
750826
822539
529280
771082
480239
508882
315180
993588
313987
538184
490141
777517
727011
358401
467704
268558
830988
725582
862716
442152
445780
955187
746233
485039
450632
69696
855589
915861
234849
332534
234954
762315
129031
189871
594015
502118
980675
910256
339181
346952
777804
860031
736550
24592
263760
862280
447768
662610
243945
161700
798606
176933
195234
868647
325985
156603
150005
574341
112503
545729
790476
788997
746172
631896
664269
371450
354769
931329
89284
454410
737241
474935
307353
184569
889178
945619
478323
151207
922219
813238
293152
18188
867240
781903
578803
291994
35249
388366
521236
122168
597735
93257
631237
850485
900912
135878
245303
214875
489160
987816
597796
786126
743518
352630
944121
25842
422299
436377
120299
401866
6858
532963
8299
332991
73952
772387
126613
865297
407667
770473
183885
487202
910528
748678
521094
516470
842241
878167
287836
795220
777280
387284
290948
651525
812523
833212
150837
34202
129275
937523
597340
563270
887414
585840
360873
926081
867990
283573
940460
825271
371528
494372
918149
122964
872726
795387
57742
379121
886856
196294
815080
322576
413806
669319
970521
712467
804609
633333
523867
407595
250494
282074
977545
342013
285481
731127
319069
804878
203885
854143
523699
478256
559299
719715
662085
81111
881834
189923
624505
471878
974739
408957
976343
93572
381126
631705
873693
927839
697478
779675
723824
477794
176120
854272
630978
175911
421054
525674
326702
495839
917355
832733
588820
473545
289492
349521
408212
403720
248369
551433
312570
22366
826322
594033
576926
461067
751528
504267
922691
385002
350454
728593
440670
34482
871807
76043
439761
376803
279168
460486
352238
219544
879013
844244
276652
806198
27858
955868
768314
338008
351835
15232
897587
65380
514791
713943
181692
33496
228808
370376
198894
421290
811080
157637
413354
904982
838798
312989
666861
873387
158000
219103
337675
454701
99409
689532
461416
42301
887697
135888
737272
561080
481587
342807
820746
743701
279887
16696
773371
952602
429729
417945
642771
687323
102472
859425
888529
647888
584147
570805
826117
934803
657658
353792
492282
528007
871666
408611
325487
362230
864005
620492
843384
245677
134094
980926
41133
529118
271832
609395
517734
496041
995209
290317
342045
173564
802051
149498
598946
965092
68786
871281
99757
807183
574548
738264
926153
538983
226538
949532
748438
189641
67828
578054
716464
406909
601554
707697
6276
736055
632460
247090
918394
275947
708904
384290
276869
461028
688983
137173
574623
249312
928214
752678
753948
386580
463861
689928
843886
495668
822920
359408
421744
785166
572186
804655
163149
285269
864908
520584
588943
379323
700077
965771
66051
51947
829500
733490
882378
663328
590925
554724
151946
728269
478003
536817
199845
923450
703388
70027
423594
159629
310374
468242
694981
888014
110825
500234
863263
190818
583221
360582
546423
209508
35852
434587
20829
67443
221326
557660
324338
64357
178809
518015
132809
593334
663693
80884
125505
120293
295292
637136
410351
980285
152302
33151
69572
844827
272406
707632
605267
881168
22229
390914
560152
21595
471294
202981
148138
812302
946233
846526
226938
411569
489764
887043
466725
101287
58842
610182
625344
913754
493042
336308
387229
922288
477636
455863
655061
104292
882192
652122
758736
250037
239492
465535
559943
409364
28333
653659
987394
750651
742183
709405
18422
559648
646456
883157
561894
422062
383554
253977
528816
152782
336250
815054
651468
560948
733107
789577
305758
906606
748363
717801
653300
348668
507742
249931
736256
613795
575606
274941
681253
127931
341380
656977
598266
232311
306469
349089
447449
904684
384634
20487
159734
968775
712254
673673
619072
646426
248097
381973
249073
896018
758133
733706
780186
429194
227092
530080
667474
33813
413964
302798
491235
415610
461085
133897
22232
38634
895422
160562
749219
440022
150272
880474
331837
436500
333598
566498
498363
869854
268145
753511
112701
290344
19526
355144
387572
953123
367525
172004
978355
25299
778279
442084
269670
721715
32917
992397
810809
119823
894184
170189
739384
972073
515439
684907
245289
551845
462048
178557
909830
229893
899381
454161
376697
982915
287963
906599
95687
886691
471335
505471
975829
864995
995584
557062
729236
858194
309393
708629
280895
624340
390960
605666
494118
536904
905528
697482
255473
827307
649442
299944
710144
771778
35886
620605
480527
277715
862708
936531
168093
43339
225081
937879
235678
757497
222422
825919
499788
799878
859712
71362
741254
256305
241887
462847
37816
451954
587316
198330
86949
687955
940991
750043
15088
465967
642144
96818
856919
159749
277686
449717
57071
168227
790167
915936
966404
609198
41573
536004
286229
848450
621339
417269
137571
46185
786593
550404
245223
77629
591032
124028
796640
550342
95494
507928
107943
427025
880793
227879
516337
177792
754934
466467
743101
652983
218875
665798
410230
715057
59866
948911
916708
219348
684116
295428
467582
162812
493702
614058
874719
563793
957495
14661
609265
781683
895924
143870
837033
62167
742951
952505
26609
799065
106314
421628
102248
278311
136157
267362
372238
816193
548832
183865
343839
124639
774200
856060
603714
965156
150820
214933
754491
316692
722704
189298
726257
745490
535594
2197
143275
319944
58423
33558
529864
425862
360226
336147
718352
219679
998907
976478
727570
138946
458446
664836
690657
134975
263418
392717
562070
579707
986505
92106
751640
915737
94156
744437
254628
241934
589198
741978
46119
36692
794951
437412
511971
116427
736465
10965
636113
637927
998044
860866
277237
28232
272211
227065
696424
430910
589536
474859
772314
529149
403554
955877
564982
229448
350596
240408
278804
912022
46412
355326
586069
975062
272173
573505
473073
422317
322495
770332
691893
425066
585203
950924
654178
258195
673338
125394
789802
227526
312492
716480
553698
513513
249289
974813
338691
917744
823675
732160
12750
79347
75984
938421
513308
954332
964690
852351
345115
187965
604372
778524
381820
950465
165616
675370
129730
535980
672521
471099
199860
809784
796344
848016
391028
812868
182036
988604
440071
952622
563873
754411
242626
219009
827207
910513
909521
813854
637483
960582
563015
439151
553292
655404
146683
912291
137066
996851
188384
397633
995870
309469
258470
45160
89310
53401
632112
680014
398160
731923
677654
235482
72079
253817
704052
178184
302809
245753
951979
777811
303651
749597
216961
634619
660405
866058
40702
974952
144091
367147
430144
958675
947342
877358
356547
475793
316277
968595
750709
173192
672594
342611
792835
260913
371674
549293
133444
544304
11357
621108
715808
364683
538341
683245
853889
92260
402589
176540
935643
560330
327508
324651
888322
629031
164503
518681
280599
573223
693269
893294
993041
683577
930666
145929
806432
737826
490176
571624
767624
575583
540352
411932
301262
886803
281095
843589
807721
787497
712236
694578
920570
900466
172893
730716
288372
174279
625459
84053
349983
272608
156492
932194
435886
369261
383299
264347
414751
663842
622966
45364
452779
944320
551099
453204
762412
621984
389401
100901
386395
775579
454161
170733
77862
484057
732428
261687
519084
368685
807235
677646
514757
722873
342190
941590
430087
317039
201462
375549
56212
618006
393299
383153
855476
410502
185488
870907
394565
663361
395096
105993
255386
520382
432085
24210
334584
945464
449326
838898
479551
712918
281901
870226
648502
882297
89033
724616
575113
920791
412850
378311
826337
280374
806835
298871
950464
547059
819174
913614
321932
867831
231256
573291
615425
256256
601208
966400
852466
759039
283335
200860
66553
401531
459396
642052
499375
11007
814357
972570
172214
677974
900607
851884
482841
367397
938440
307521
686524
646394
889994
743831
840087
132860
509737
585171
356869
50627
81144
553408
90739
56209
755158
61924
631926
412845
204442
730677
851906
848560
403759
567090
441266
838807
846846
427099
939471
794748
56444
455459
176246
163420
362268
410370
948492
854278
519136
514311
428044
460283
385233
340343
188296
523987
303424
141287
528992
166698
648155
479518
851463
496635
987970
502573
400214
362090
328424
712605
410738
970820
1280
724348
264868
868715
53901
687191
45465
281273
985505
518714
894775
66583
959631
807199
498396
550723
648275
623795
19436
848063
732562
243659
57084
647844
783187
138169
304650
856040
553012
590326
580969
856186
923194
341634
516367
432707
103459
658986
293593
24212
472637
954935
685835
106829
30109
393371
906729
968035
19193
173930
981575
661745
529733
281942
977213
859542
831988
663873
652666
490597
752204
622810
578387
282660
133662
287819
355259
140557
654690
990582
501411
271450
863174
237936
693759
293094
145179
208488
885185
279676
977968
254795
227670
964436
187612
47697
71293
101577
952053
461434
698805
352767
285428
456690
682516
566213
439306
245506
638179
918041
326478
382016
445800
928573
190209
932814
532232
584963
329285
348765
145721
663583
143263
158185
452253
951472
88680
81735
49420
664118
372246
322356
137124
90689
308933
364068
477450
827624
505407
607947
72732
610580
65457
873587
852785
500766
138422
571408
153986
554117
819080
307733
629100
620777
830174
325120
241804
240183
718785
474778
572348
897918
227592
22774
463194
201031
670637
997910
853048
408081
134102
667844
139547
603209
405155
219500
6140
16012
905678
898331
231735
668905
707665
671779
345430
802298
986922
886244
546727
472259
910390
133447
295535
363713
937635
913913
968323
357246
417129
520840
927332
188023
416179
570183
118952
193524
307732
896792
234648
900273
299552
832092
537793
13557
565789
719308
422771
630173
967086
245007
592160
660303
967319
475601
123573
87010
992856
313629
766534
323594
149242
577514
722256
638852
544115
587149
416513
97301
432850
692172
130609
104837
823414
889499
751809
676462
339287
646400
48404
187794
359013
34654
708378
821277
557663
753425
581431
305035
228858
615040
870602
66557
487911
440485
262961
742390
405875
187190
192308
557288
549764
668046
22930
684644
853396
452067
640640
597566
196043
221825
254931
381350
833318
830032
679885
769069
345778
141753
127709
338189
115107
774249
658379
498441
377643
983291
442758
244424
782308
801181
183562
734164
466369
249316
436851
207483
785392
260976
763478
689630
823532
281173
867653
704711
65556
563755
742110
2386
787091
671626
331386
692049
931481
240497
414877
584069
858311
843554
377466
640135
350712
157787
673504
517210
64269
175586
776700
956338
817282
587751
329868
897499
565712
238699
193321
538036
513759
738158
167497
838270
313210
637504
47672
220129
718212
668706
186487
192829
264360
231600
979342
979481
654061
98429
434172
36931
182829
252775
660556
27576
689147
385765
299643
262926
545248
93295
899521
204408
440394
212990
835323
949449
915720
156109
385203
86444
649638
66618
699679
900537
911750
640655
94880
288889
567807
172633
637613
36823
906534
185463
735957
972242
728529
210942
892377
281288
926304
674823
602904
395182
200928
635527
425675
467418
296644
588582
953162
642795
483690
146983
463988
981431
593906
724324
962493
572107
498166
204942
892637
949772
719356
155103
40393
449303
586002
822330
747788
73967
121527
190911
265632
188553
767269
798544
159345
560451
496600
827555
101118
1312
798359
277744
529443
110447
505546
894187
69705
114762
17393
712277
834658
731073
943206
116866
24581
784553
566897
328095
750851
782390
845866
778502
711176
943214
299386
711641
585505
436531
910739
910826
964014
732987
639155
247956
410172
472759
141243
424028
266592
729695
431663
46545
314945
93773
930908
265816
115274
53937
759213
206413
179920
600045
453042
321882
822485
647668
255386
809466
865739
645239
554486
772863
958616
387235
802703
763247
992114
894897
351688
673202
895593
563325
483915
140152
71123
215005
557741
839080
861040
675076
808832
361678
128011
412744
264880
966721
867649
599502
822905
421248
975876
906447
282185
477319
970012
115941
304617
851210
659904
199690
385521
969611
982224
833122
250363
80186
16150
539795
949790
303523
82383
87760
62068
873685
134869
633780
117349
350798
490582
722211
835932
897529
578208
221583
204378
341700
16407
992651
321425
676012
318008
386769
716234
42279
328557
230139
385929
383123
937150
509090
622561
967231
771966
868455
107627
625323
946743
919730
630883
651004
30978
33298
504330
980420
584756
399662
814425
45380
514491
493284
329361
376862
61221
841824
187383
34184
803573
287679
722265
812895
410782
149270
438043
103929
182149
288633
587839
36870
791639
912362
434979
360113
95342
537800
425953
831340
101051
648127
314963
97529
899635
523383
871949
144681
198916
968196
966825
260502
198826
590777
199402
904836
541880
482250
287221
585468
896154
654741
970391
142860
717916
323978
432464
805865
83012
603401
73286
777669
440207
847444
839286
864213
519165
261848
669714
439336
512781
949633
861816
526619
273256
945619
503089
537587
564174
404942
267556
418261
983444
164345
206795
241197
143905
764625
486306
766650
754736
6601
409773
679377
276329
528975
805382
347557
811942
365605
165586
316714
770907
330635
92530
663637
608589
121482
393230
126442
48744
593957
48504
820310
163029
22950
28121
715233
776908
939806
761449
272368
26419
560384
925899
704777
263049
740947
367618
532828
713775
470994
203086
366210
459372
75595
33357
41099
870962
250031
25477
227472
121471
929811
296343
241664
154094
618317
358277
74197
120735
190408
959248
214661
772479
20473
608130
993832
845739
308480
871390
421084
949244
516288
380253
826996
522114
24448
545941
519419
751776
876310
82690
250954
771314
793213
532648
428180
529982
241275
129706
312377
568886
182304
616458
116099
989888
400317
867085
880845
217081
604504
366994
309836
889101
316491
772395
872444
266398
414909
933650
68064
699806
425774
385977
105939
821905
718822
415130
625274
685918
874773
251754
841794
446237
663834
861694
816634
20927
573732
267574
231928
889359
920017
783076
384749
168149
978988
566089
687333
434489
12977
63315
708188
692367
322519
552860
585147
745919
776542
825422
124865
193718
237562
952664
300456
723034
803589
548949
464188
175512
528311
902991
475714
691954
904953
545373
66627
81870
271452
466293
466987
658040
24985
1518
396619
560639
791694
254476
834690
300376
132760
720736
196178
987993
147850
39131
108986
847228
116770
62266
560297
526994
375852
73535
61255
49903
596107
57302
623038
19308
998306
381683
613307
753370
323877
722099
925359
815783
428855
603969
447445
714622
803341
518407
962267
49225
908285
866914
659349
362193
919186
283246
453220
808609
48414
70200
563823
821746
286665
182054
501927
678472
231496
438388
420346
617011
285760
543740
288828
713257
820859
477512
372441
701423
539186
656095
851761
841556
568726
206403
909736
117779
102248
740594
354495
233597
198082
275968
411065
235728
641499
45844
60570
433060
51387
495236
39558
762629
878884
945625
166715
312950
760036
60377
521907
8681
884803
272873
854340
656337
588028
491592
878897
532138
986892
295411
975940
793887
404516
240750
581801
612243
558261
187199
939136
847813
132428
469176
611196
722679
29873
629952
782435
492929
895990
324604
979068
775420
940786
672883
676045
111114
352456
443055
24867
859759
748385
176616
256865
544699
24429
265953
390890
840926
58222
986726
750253
557061
838700
185731
964122
207878
990261
1608
324086
708314
886540
345908
823821
887780
237767
485239
695705
238523
563169
328389
803934
191458
698135
28988
742024
42865
960457
555054
904750
171624
122506
324801
278251
606130
305958
200760
314939
950247
397087
417287
603986
920149
749357
235310
268947
778753
890869
109138
790694
422699
582532
580890
818946
387389
223765
436090
493251
138886
812217
698770
538560
352892
447155
851807
345998
366002
137381
578439
768428
910121
867914
865006
226574
847760
454900
690566
86440
441784
552780
615427
400058
84072
142525
506310
578170
742665
988687
490305
279074
817398
335335
678518
503259
130741
470566
593750
223496
145901
850659
727818
946805
807182
169555
984708
471195
43946
824138
459575
856256
54850
931286
421206
418261
171021
518432
97892
553030
95557
321999
291362
498508
478962
251947
701456
952572
379787
67867
821959
886951
915006
141367
852066
542178
276251
381675
839756
390301
670179
972115
328164
269319
294210
620603
98396
811152
817658
142585
523663
377774
112179
659278
512788
80625
632005
549766
370561
144562
926988
994334
469764
487228
707761
784400
554847
632410
456055
119441
435758
694141
189217
806725
331505
504708
312329
778182
133528
184539
698462
236222
660511
702714
740981
137080
839745
43981
225152
812325
927134
182219
975263
340995
785903
453793
189506
786529
929846
673864
219015
302079
446735
477641
923734
256592
116842
54692
109969
721437
86553
798462
362318
921137
637738
591771
532624
262893
677040
98547
430300
249941
774268
927147
121260
311014
509423
323976
10850
577476
446506
979937
440831
204810
301358
534909
842487
410414
822199
469596
525065
733033
694750
727071
574750
308956
290507
415481
437351
593597
238770
672525
103877
660200
607170
631234
779597
26368
748094
316491
130792
852621
367102
953030
204670
96391
845564
220469
447825
130016
258097
670145
109689
529225
950496
309346
255275
71015
706474
229263
792280
656930
842752
438872
924448
378837
361459
4156
768522
755978
886339
752567
200421
678320
708748
385495
824320
508532
316823
9047
586322
721443
910385
990964
650836
168252
57891
846759
156964
432481
83453
806609
552327
193711
970736
333187
162706
366832
525012
548883
474870
135827
669806
362997
389147
115640
674760
469317
798971
106215
666049
286073